Display,X Pos,Y Pos,Start Time (secs),Pupil Diameter
-1,NaN,NaN,884.012921,0
1,813.1826,374.0278,884.038947,5.44197298586369
-1,NaN,NaN,884.044923,0
1,788.5932,418.8794,884.064923,5.39326295256615
-1,NaN,NaN,884.076927,0
1,772.0711,445.6135,884.096924,5.34475315362215
-1,NaN,NaN,884.108924,0
1,763.35,452.9227,884.128945,5.31508168205619
-1,NaN,NaN,884.144932,0
1,755.8285,456.6694,884.160945,5.24397194385529
-1,NaN,NaN,884.17493,0
1,749.5191,460.2034,884.196928,5.17326826229692
1,742.5135,463.9425,884.21093,5.06324367597699
1,734.1419,469.4451,884.226949,5.02317631617188
1,727.0065,472.8115,884.244944,4.98094223439693
1,720.5876,475.171,884.258931,4.93638822808862
1,719.3156,475.0119,884.274951,4.94593940675259
1,717.5461,474.0353,884.29694,4.92798909544945
1,716.4324,472.973,884.306935,4.93573537096381
1,715.3751,472.0336,884.322963,4.95747057721019
1,714.2085,471.0103,884.34295,4.97621996328235
1,713.7545,470.0449,884.357013,4.99093532562256
1,714.2922,468.3676,884.372936,4.99317143112421
1,713.7692,469.3969,884.395947,5.02105709165335
1,713.8549,469.8655,884.405938,4.98741772025824
1,713.3032,470.4071,884.421938,4.98502841219306
1,713.1366,471.0239,884.441942,4.97546186670661
1,713.1101,471.1519,884.453953,4.93423407897353
1,713.3732,470.5941,884.469961,4.94370423257351
1,714.1688,469.4621,884.493942,4.96209925040603
1,714.9094,468.2767,884.501962,4.94976853951812
1,714.9203,468.0568,884.517944,4.9601779319346
1,715.3012,467.553,884.539962,4.96226456016302
1,715.4112,467.2018,884.551945,4.93937777355313
1,715.2896,466.8234,884.567945,4.94636176154017
1,715.2692,466.3277,884.589958,4.95873065665364
-1,NaN,NaN,884.59995,0
1,712.897,467.1253,884.615947,4.9852067604661
-1,NaN,NaN,884.631954,0
1,722.411,456.7627,884.649956,4.97314007952809
1,739.3782,439.4114,884.663956,4.99663734808564
1,767.1306,402.7175,884.679966,4.94822440668941
1,799.5146,365.9823,884.699962,4.88700112327933
1,829.1256,320.0167,884.713952,4.89455927163363
1,859.3693,282.9006,884.729954,4.90258820354939
1,886.6395,244.0702,884.747963,4.93148993700743
1,915.6411,209.2261,884.761954,4.99289156869054
1,931.4076,181.7315,884.777955,5.05594722926617
1,937.4951,166.6682,884.795978,5.07177878171206
1,936.4536,162.7554,884.809974,5.03523135557771
1,938.6271,161.5739,884.825992,5.00209862366319
1,937.9748,159.9948,884.84596,4.99313930049539
1,939.8116,158.9715,884.859975,4.99985087662935
1,937.9761,157.1522,884.875988,4.99215722084045
1,937.1749,156.152,884.897961,4.97815757989883
1,934.8445,155.1491,884.907973,4.94364881888032
1,931.4556,155.5215,884.923983,4.91302506998181
1,927.7977,155.8403,884.946971,4.86361887305975
1,923.4126,157.1145,884.956963,4.82638878747821
1,920.0546,155.494,884.972965,4.78756567463279
1,915.5825,157.4088,884.994969,4.75938711315393
1,913.5612,155.8577,885.006965,4.75559337064624
1,911.2484,159.0841,885.020967,4.72127785906196
1,911.752,158.8282,885.044968,4.74317604675889
1,911.1512,161.6216,885.054983,4.71803499385715
1,912.2205,161.9517,885.06898,4.73723793402314
1,913.8813,160.7873,885.090982,4.74056275561452
1,915.4384,159.6463,885.102972,4.74830530583858
1,917.1422,157.8718,885.118972,4.76731825619936
1,918.1174,155.9034,885.138986,4.69932705163956
1,918.6879,153.1624,885.150976,4.6890527009964
1,918.994,151.6226,885.166974,4.68453299254179
1,917.8133,154.0024,885.188977,4.66204434633255
1,917.5388,154.3399,885.200974,4.71766851842403
1,916.3323,157.8914,885.216996,4.73264465108514
1,916.0528,158.6445,885.235067,4.68479515984654
1,915.1356,160.9326,885.250979,4.70666587352753
1,914.5783,162.9076,885.264999,4.68819914385676
1,912.9179,166.8226,885.280997,4.71272272989154
1,912.0405,169.5969,885.298979,4.76595107465982
1,910.3752,171.1518,885.312998,4.80532506480813
1,909.9955,170.7516,885.329004,4.80603845790029
1,908.4581,171.3858,885.347982,4.82779741287231
1,907.3985,171.3284,885.363981,4.92575904354453
1,906.6738,170.4699,885.377986,5.01169683411717
1,907.2887,165.9012,885.395984,5.12176612392068
1,908.7971,158.2337,885.411984,5.21663343533874
1,911.3075,149.9499,885.42799,5.15663577243686
1,912.9504,145.3335,885.445986,5.14509668573737
1,915.4788,140.4075,885.460025,5.16112241894007
-1,NaN,NaN,885.473989,0
1,917.6275,136.087,885.495989,5.13095455244184
-1,NaN,NaN,885.505989,0
1,917.8275,134.428,885.52399,5.18437009304762
-1,NaN,NaN,885.542009,0
1,918.0627,136.5397,885.557991,5.12640876695514
1,918.3096,138.457,885.571991,5.18614100292325
1,918.5433,137.0771,885.593993,5.24282502010465
-1,NaN,NaN,885.603993,0
1,919.3547,140.1755,885.622002,5.23711135610938
-1,NaN,NaN,885.637997,0
1,919.402,145.0347,885.653997,5.2695469930768
-1,NaN,NaN,885.667996,0
1,921.2242,146.331,885.689997,5.28367049992085
1,926.4843,147.3661,885.701997,5.39711862802505
1,929.9842,148.6058,885.720015,5.41216041892767
1,931.1466,147.2885,885.738026,5.46909961849451
1,929.2607,147.5178,885.754017,5.43432263657451
1,934.8969,142.2661,885.768,5.3962217643857
1,937.4736,136.602,885.788003,5.46351866796613
1,938.0836,133.0235,885.800001,5.52898412570357
1,934.3169,128.1817,885.818002,5.6321956217289
1,933.6905,121.5438,885.834004,5.72456605732441
1,933.9584,114.8932,885.850008,5.80060016363859
-1,NaN,NaN,885.864004,0
-1,NaN,NaN,885.880009,0
-1,NaN,NaN,885.896018,0
-1,NaN,NaN,885.912008,0
-1,NaN,NaN,885.928019,0
1,934.0694,109.9102,885.948009,5.74564002454281
1,936.2528,101.3115,885.962009,5.84816141054034
1,935.2103,99.42837,885.980025,5.77381206676364
1,937.0362,94.15626,885.99605,5.75186312198639
1,935.749,95.72239,886.012013,5.76414912939072
1,937.2255,97.02938,886.028029,5.73312677443028
1,935.7984,102.8942,886.044027,5.69663615897298
1,935.864,111.5986,886.062012,5.64057333394885
1,934.1334,118.8596,886.076025,5.63994236290455
1,936.0265,125.5789,886.092014,5.60599332675338
1,934.625,132.8196,886.110015,5.60616934671998
1,937.0758,136.6692,886.126016,5.61706023290753
1,936.5316,141.0565,886.144034,5.60867739841342
1,938.6312,145.4549,886.158017,5.6071849539876
1,937.3369,150.2499,886.174019,5.59022882953286
1,938.82,155.7728,886.192036,5.58416172862053
1,936.9891,161.0587,886.208054,5.57025568559766
1,937.5149,166.6049,886.22402,5.63297560438514
1,935.0096,170.729,886.242035,5.65198343247175
1,934.7718,171.2886,886.256025,5.68349100649357
1,932.3472,171.7153,886.270023,5.76953310519457
1,931.8914,166.3587,886.290035,5.82055142149329
1,929.4073,164.2751,886.304025,5.80042460933328
1,928.9657,157.124,886.320043,5.82905486226082
1,926.2001,154.4323,886.338045,5.79040544107556
1,926.5507,148.4155,886.352042,5.84101444110274
1,924.8557,146.1054,886.370041,5.81068312749267
1,925.8005,144.0004,886.38803,5.73478313162923
1,924.8494,144.9405,886.402053,5.71402022615075
1,925.8794,147.8692,886.416047,5.69328106939793
1,924.9624,150.9317,886.436065,5.70958759635687
-1,NaN,NaN,886.44603,0
1,925.2,152.9487,886.466031,5.73765719309449
-1,NaN,NaN,886.478051,0
1,925.7885,153.346,886.498032,5.73824858292937
-1,NaN,NaN,886.514047,0
1,926.3811,152.0405,886.530035,5.75152691453695
-1,NaN,NaN,886.544054,0
1,926.6366,149.8747,886.564035,5.70684392005205
-1,NaN,NaN,886.57805,0
1,928.8657,146.1517,886.596037,5.6672147475183
-1,NaN,NaN,886.610045,0
1,928.0901,141.927,886.628043,5.69003401324153
-1,NaN,NaN,886.642057,0
1,928.4763,136.1946,886.660042,5.69651369005442
-1,NaN,NaN,886.674045,0
1,927.479,130.7822,886.692072,5.72148757055402
-1,NaN,NaN,886.706048,0
1,927.6245,126.5379,886.726055,5.78141584992409
1,927.7797,124.1345,886.742045,5.77158946543932
1,925.3536,124.1752,886.758049,5.74556924402714
-1,NaN,NaN,886.770048,0
1,925.6572,125.9099,886.794048,5.72958402335644
-1,NaN,NaN,886.802046,0
1,924.6859,128.3804,886.824048,5.69765036925673
-1,NaN,NaN,886.83806,0
1,923.7944,130.5054,886.856067,5.66326780244708
-1,NaN,NaN,886.86805,0
-1,NaN,NaN,886.892068,0
-1,NaN,NaN,886.900064,0
1,923.3528,132.7974,886.920071,5.64201641827822
-1,NaN,NaN,886.93806,0
1,922.356,133.0028,886.952055,5.69209922105074
1,923.0025,134.8453,886.968054,5.70075726136565
1,922.3411,134.5446,886.990056,5.74029143899679
1,925.5754,135.2809,887.000056,5.7460805401206
1,927.5276,135.6379,887.018059,5.67770469933748
-1,NaN,NaN,887.03406,0
1,929.1736,135.564,887.050058,5.68176805973053
-1,NaN,NaN,887.062061,0
1,933.4351,138.09,887.08408,5.69482566788793
1,936.6841,138.6094,887.09806,5.72897726669908
1,937.72,139.9818,887.114064,5.69471158087254
1,938.975,139.9945,887.132078,5.75106823816895
1,937.0526,139.9287,887.149064,5.69359213113785
1,937.7784,139.9293,887.163066,5.71124628186226
1,935.1675,136.8583,887.181065,5.79603761434555
1,935.7803,133.758,887.195066,5.78789692372084
1,934.1601,130.5071,887.213072,5.79156586900353
-1,NaN,NaN,887.225067,0
1,931.841,127.476,887.245072,5.77143812552094
-1,NaN,NaN,887.259068,0
1,929.5328,126.6521,887.279072,5.73815265670419
1,929.1021,127.6331,887.293071,5.71840396150947
1,927.5755,127.8978,887.309071,5.81015646457672
-1,NaN,NaN,887.323073,0
1,928.1044,129.1442,887.345073,5.79370697960258
-1,NaN,NaN,887.355074,0
-1,NaN,NaN,887.375078,0
-1,NaN,NaN,887.391088,0
1,924.9946,132.7844,887.405076,5.80299738794565
-1,NaN,NaN,887.421075,0
1,922.3737,136.2596,887.443093,5.74287958443165
-1,NaN,NaN,887.453076,0
1,917.802,151.9058,887.474106,5.7243974879384
-1,NaN,NaN,887.490125,0
1,911.3676,171.4709,887.506089,5.72698283940554
-1,NaN,NaN,887.51808,0
1,898.0795,204.3984,887.541098,5.76776871457696
-1,NaN,NaN,887.551082,0
1,882.2451,243.7166,887.569086,5.72424288839102
-1,NaN,NaN,887.593083,0
1,851.6531,329.1519,887.601082,5.66484034061432
-1,NaN,NaN,887.615084,0
1,830.2034,376.3474,887.639087,5.60376886278391
-1,NaN,NaN,887.647086,0
1,808.1268,427.6742,887.667109,5.5451369844377
-1,NaN,NaN,887.679095,0
1,786.1418,462.5062,887.699088,5.57426270097494
-1,NaN,NaN,887.711089,0
1,772.1302,470.6017,887.73109,5.55251352488995
-1,NaN,NaN,887.743092,0
1,761.1902,472.0676,887.763091,5.55678643286228
-1,NaN,NaN,887.777098,0
1,749.3488,473.7738,887.796094,5.49918040633202
1,700.7914,508.2943,887.812097,5.33972773700953
-1,NaN,NaN,887.830095,0
-1,NaN,NaN,887.846095,0
1,629.4891,544.588,887.862112,5.25420950725675
-1,NaN,NaN,887.880098,0
1,618.9437,543.9052,887.896098,5.1407995633781
-1,NaN,NaN,887.910098,0
1,608.8958,547.2755,887.9281,5.06998552009463
-1,NaN,NaN,887.944101,0
1,669.5776,487.7572,887.958102,5.15035726130009
1,722.4166,434.4463,887.9781,5.10848453268409
1,761.0693,387.3591,887.99612,5.1247775554657
1,797.0563,345.7511,888.008117,5.05880638957024
1,830.2192,303.896,888.028104,5.0274021923542
1,865.0161,267.0837,888.044117,5.07162697613239
1,895.1749,228.5864,888.056105,5.09270559996367
1,927.7026,193.6503,888.072107,5.15146087855101
1,940.9782,173.158,888.092118,5.11080585420132
1,942.5213,173.2298,888.104109,5.10836578905582
1,942.795,173.7224,888.122119,5.02801965922117
1,942.3319,177.6187,888.14411,5.0016064196825
1,939.9192,176.4873,888.15211,5.09214494377375
1,939.8574,178.757,888.170137,5.09096309542656
1,938.0931,178.9523,888.190232,5.10715320706367
1,939.2584,181.7803,888.20012,5.15605695545673
1,937.8827,188.8446,888.21811,5.15577802434564
-1,NaN,NaN,888.232114,0
1,935.3339,205.9307,888.250114,5.16184186562896
-1,NaN,NaN,888.264117,0
1,931.0939,229.6093,888.288116,5.17775444313884
-1,NaN,NaN,888.296115,0
1,923.7224,262.2091,888.314116,5.18497126176953
-1,NaN,NaN,888.328118,0
1,916.3077,296.3768,888.348118,5.17625408247113
-1,NaN,NaN,888.360117,0
1,907.1541,333.0674,888.38012,5.13870408758521
-1,NaN,NaN,888.395119,0
1,897.4063,371.6861,888.413121,5.13183465227485
-1,NaN,NaN,888.427121,0
1,886.6863,413.7979,888.447124,5.12672774493694
-1,NaN,NaN,888.459127,0
1,875.9927,449.2865,888.477124,5.10770548135042
-1,NaN,NaN,888.491127,0
1,871.0027,463.5712,888.509125,5.10567426681519
-1,NaN,NaN,888.523132,0
1,869.0191,465.2811,888.543127,5.08067384362221
-1,NaN,NaN,888.555127,0
1,866.8174,468.4514,888.57513,5.03594893962145
-1,NaN,NaN,888.591129,0
1,864.7115,472.5122,888.607148,5.0523946993053
-1,NaN,NaN,888.619129,0
1,862.2532,476.5038,888.643153,5.06290793418884
-1,NaN,NaN,888.653152,0
1,859.8918,480.1279,888.671133,5.11047802865505
-1,NaN,NaN,888.689133,0
1,857.9575,482.4913,888.705166,5.13380253687501
-1,NaN,NaN,888.717166,0
1,864.7941,460.4748,888.743161,5.11300889775157
1,875.8964,436.2676,888.755136,5.09835826233029
1,892.0524,391.8514,888.771136,5.04867127165198
1,913.3989,348.6491,888.791139,5.07071800529957
1,929.0963,307.5826,888.803156,5.10933995246887
1,948.3915,270.183,888.821139,5.11043053120375
1,962.5276,233.7918,888.839141,5.13014243915677
1,980.3004,200.1495,888.853142,5.17016462981701
1,987.1028,185.0428,888.86714,5.12752309441566
1,988.9547,186.5546,888.885146,5.17648132517934
1,985.7545,189.0436,888.899153,5.16642117872834
1,986.4298,188.9652,888.915145,5.15964394435287
1,982.9688,190.5659,888.931156,5.1237647421658
1,982.1891,192.0034,888.94916,5.12546394020319
1,977.3417,192.8816,888.965164,5.0357012078166
1,974.2658,194.8004,888.981175,5.03724440932274
1,968.3889,194.5002,888.99715,5.06604323163629
1,964.5311,195.5311,889.013165,5.03851193934679
1,958.7996,194.4773,889.02917,4.96980082243681
1,954.6663,193.6564,889.047161,4.95548639446497
1,949.6404,193.1129,889.061148,4.84546506777406
1,945.7411,191.8135,889.079163,4.82031190767884
1,942.6605,190.2472,889.097175,4.86792763695121
1,940.9655,188.5749,889.111182,4.8611587844789
1,939.8958,186.3483,889.127166,4.89154551178217
-1,NaN,NaN,889.143163,0
1,934.4056,197.8089,889.159154,5.013023968786
-1,NaN,NaN,889.173153,0
1,923.751,217.3964,889.193157,5.02286432310939
1,910.6378,250.7553,889.209171,5.01022953540087
1,890.6014,293.7179,889.223157,5.03886863589287
1,872.9584,337.5448,889.24316,4.95638838037848
1,851.8773,384.375,889.257167,4.95118880644441
1,832.7223,433.975,889.271158,4.98024560511112
1,809.4991,487.2371,889.293189,4.9723326228559
-1,NaN,NaN,889.303178,0
1,793.4964,523.1367,889.321162,5.05060236901045
-1,NaN,NaN,889.339189,0
1,789.5781,531.8195,889.353162,5.05165662616491
-1,NaN,NaN,889.36918,0
1,792.6078,525.3364,889.391171,5.08199585601687
-1,NaN,NaN,889.399168,0
1,798.9998,517.2012,889.417166,5.17469784244895
-1,NaN,NaN,889.433181,0
1,804.4539,509.3402,889.451166,5.18041290342808
-1,NaN,NaN,889.463167,0
1,812.3373,498.3346,889.487177,5.17901452258229
-1,NaN,NaN,889.497169,0
1,820.4187,487.2738,889.515169,5.16139669343829
-1,NaN,NaN,889.529179,0
1,828.2845,476.4824,889.550189,5.11217955499887
-1,NaN,NaN,889.562173,0
1,836.1874,469.5002,889.580178,5.10233175009489
-1,NaN,NaN,889.594176,0
1,842.7845,465.5759,889.612175,5.12763671576977
-1,NaN,NaN,889.626194,0
1,849.3556,461.3721,889.64818,5.13486843556166
-1,NaN,NaN,889.658176,0
1,853.2986,460.1227,889.678189,5.17389737069607
-1,NaN,NaN,889.692179,0
1,854.3311,462.1934,889.710179,5.20571647211909
-1,NaN,NaN,889.72418,0
1,855.1013,464.7616,889.746196,5.25815226137638
-1,NaN,NaN,889.758179,0
1,856.2722,466.9539,889.774198,5.3002992644906
-1,NaN,NaN,889.792184,0
1,857.7076,468.9516,889.808204,5.29229221865535
-1,NaN,NaN,889.820183,0
1,858.8258,470.5139,889.842211,5.28589682653546
-1,NaN,NaN,889.854185,0
1,859.7751,471.4353,889.872185,5.34302834421396
-1,NaN,NaN,889.890199,0
1,859.9921,471.957,889.90421,5.3535895422101
-1,NaN,NaN,889.920187,0
1,859.5096,471.9991,889.942193,5.40940975770354
-1,NaN,NaN,889.952191,0
1,858.4937,471.9285,889.970198,5.44911529868841
-1,NaN,NaN,889.984191,0
1,857.0648,472.1517,890.002192,5.4099103435874
-1,NaN,NaN,890.016193,0
1,855.6376,472.6975,890.038206,5.41561748832464
-1,NaN,NaN,890.0502,0
1,854.3194,473.4398,890.068195,5.42796775698662
-1,NaN,NaN,890.080196,0
1,853.1633,474.1693,890.100214,5.44408708810806
-1,NaN,NaN,890.114222,0
1,852.3868,474.8438,890.1322,5.47945080325007
-1,NaN,NaN,890.148201,0
1,851.9446,475.4305,890.164216,5.53481187671423
-1,NaN,NaN,890.178202,0
1,851.4124,476.1248,890.198202,5.50546916201711
-1,NaN,NaN,890.212215,0
1,850.8254,476.5368,890.230221,5.49653684720397
-1,NaN,NaN,890.242215,0
1,842.4992,475.9381,890.262203,5.47910109162331
-1,NaN,NaN,890.278204,0
1,833.0134,475.5433,890.294218,5.42801525443792
-1,NaN,NaN,890.310207,0
1,816.1376,474.179,890.326219,5.46006904914975
-1,NaN,NaN,890.342207,0
1,798.3087,472.7853,890.360208,5.48070855438709
-1,NaN,NaN,890.374221,0
1,781.0521,471.6304,890.392213,5.45867066830397
-1,NaN,NaN,890.40621,0
1,764.0483,469.9481,890.424211,5.55160222575068
-1,NaN,NaN,890.440242,0
1,747.4542,468.6305,890.458213,5.48476260155439
-1,NaN,NaN,890.472212,0
1,731.097,467.514,890.492226,5.46802068129182
-1,NaN,NaN,890.504217,0
1,722.1182,467.2129,890.522215,5.51301473751664
-1,NaN,NaN,890.538265,0
1,721.2301,467.7654,890.556234,5.50954043865204
-1,NaN,NaN,890.568216,0
1,720.1359,467.6545,890.588276,5.55987842381001
-1,NaN,NaN,890.602218,0
1,718.7269,468.0334,890.62022,5.60566689819098
-1,NaN,NaN,890.634273,0
1,717.3696,468.6033,890.652223,5.59039041399956
-1,NaN,NaN,890.664278,0
1,725.0782,468.9099,890.688253,5.53064979612827
-1,NaN,NaN,890.698235,0
1,734.0995,469.3214,890.716237,5.56492432951927
-1,NaN,NaN,890.730226,0
1,752.3898,469.3315,890.748251,5.57042146101594
-1,NaN,NaN,890.762226,0
1,771.6909,468.8355,890.782228,5.63960103318095
-1,NaN,NaN,890.79424,0
1,791.4866,468.4673,890.814235,5.65309124067426
-1,NaN,NaN,890.826246,0
1,810.6805,467.6366,890.84623,5.63398795202374
-1,NaN,NaN,890.862231,0
1,830.1206,467.2419,890.878246,5.61163667589426
-1,NaN,NaN,890.892233,0
1,849.2686,467.3811,890.912234,5.50471805036068
-1,NaN,NaN,890.924234,0
1,859.4468,467.4063,890.944235,5.54681103676558
-1,NaN,NaN,890.958236,0
1,859.5609,467.9767,890.976236,5.52925281226635
-1,NaN,NaN,890.990237,0
1,858.1066,468.1483,891.010274,5.50345983356237
-1,NaN,NaN,891.022237,0
1,856.623,468.6038,891.042256,5.51298120990396
-1,NaN,NaN,891.05624,0
1,854.894,469.4684,891.072258,5.44925732538104
-1,NaN,NaN,891.090259,0
1,852.8774,470.1406,891.106266,5.42900990694761
-1,NaN,NaN,891.120243,0
1,850.9404,471.1992,891.14226,5.43966330587864
-1,NaN,NaN,891.150245,0
1,849.1029,471.493,891.172257,5.50309149548411
-1,NaN,NaN,891.186249,0
1,847.4207,471.6019,891.202249,5.5701257660985
-1,NaN,NaN,891.216249,0
1,845.837,471.4681,891.238292,5.62364608049393
-1,NaN,NaN,891.248259,0
1,844.6718,470.8432,891.26825,5.66273368895054
-1,NaN,NaN,891.282254,0
1,844.1763,469.9914,891.30025,5.73020149022341
-1,NaN,NaN,891.314255,0
1,844.0939,468.5064,891.336253,5.76613191515207
-1,NaN,NaN,891.346266,0
1,844.8681,466.7949,891.366255,5.81061420962214
-1,NaN,NaN,891.378267,0
1,845.8942,464.8737,891.398254,5.78331155702472
-1,NaN,NaN,891.412267,0
1,847.3829,463.591,891.430276,5.70185575634241
-1,NaN,NaN,891.444272,0
1,849.2704,463.1295,891.462259,5.71298226714134
-1,NaN,NaN,891.476259,0
1,851.2423,463.6943,891.494259,5.58020547032356
-1,NaN,NaN,891.51026,0
1,853.4338,464.6458,891.528273,5.60648646205664
-1,NaN,NaN,891.542261,0
1,855.2607,466.0187,891.560263,5.61037659645081
-1,NaN,NaN,891.574265,0
1,856.8228,467.7642,891.592264,5.60031458735466
-1,NaN,NaN,891.606279,0
1,858.011,469.3957,891.624292,5.67441759631038
-1,NaN,NaN,891.642265,0
1,858.554,471.0935,891.658278,5.64551027491689
-1,NaN,NaN,891.670269,0
1,858.7552,472.64,891.692268,5.64682576805353
-1,NaN,NaN,891.702268,0
1,849.3724,472.9458,891.72227,5.65801886841655
-1,NaN,NaN,891.73827,0
1,839.3087,473.0586,891.756271,5.69865526631474
-1,NaN,NaN,891.768271,0
1,820.1827,472.0926,891.790291,5.67504949867725
-1,NaN,NaN,891.800273,0
1,800.3727,471.1585,891.820275,5.69728342816234
-1,NaN,NaN,891.834343,0
1,780.9527,470.3353,891.852293,5.67198544740677
-1,NaN,NaN,891.866277,0
1,761.2455,469.3253,891.888297,5.66102284938097
-1,NaN,NaN,891.898277,0
1,741.3505,468.035,891.91828,5.6386268697679
-1,NaN,NaN,891.932279,0
1,721.5009,466.3831,891.95028,5.55946212261915
-1,NaN,NaN,891.964286,0
1,710.9595,465.1863,891.984284,5.52155449986458
-1,NaN,NaN,891.996283,0
1,710.3948,465.2094,892.014298,5.50287356600165
-1,NaN,NaN,892.028285,0
1,709.8995,465.3334,892.0483,5.47809386625886
-1,NaN,NaN,892.062306,0
1,709.3997,465.7776,892.080307,5.47543866559863
-1,NaN,NaN,892.094301,0
1,710.7789,467.609,892.112324,5.36715798079968
-1,NaN,NaN,892.126288,0
1,710.5733,468.7059,892.146321,5.36672025918961
-1,NaN,NaN,892.158289,0
1,713.8294,470.9964,892.177304,5.4930173791945
-1,NaN,NaN,892.191291,0
1,715.4962,472.2263,892.209321,5.51417237147689
-1,NaN,NaN,892.223293,0
-1,NaN,NaN,892.241295,0
-1,NaN,NaN,892.255293,0
-1,NaN,NaN,892.273298,0
-1,NaN,NaN,892.289295,0
-1,NaN,NaN,892.3053,0
-1,NaN,NaN,892.321297,0
1,717.308,471.1675,892.341316,5.61009347438812
-1,NaN,NaN,892.353297,0
1,717.1871,469.4133,892.373299,5.5626998655498
-1,NaN,NaN,892.387316,0
-1,NaN,NaN,892.401313,0
-1,NaN,NaN,892.421301,0
1,727.0197,436.2772,892.439314,5.43555524200201
-1,NaN,NaN,892.453316,0
1,751.2754,406.3834,892.469315,5.41138555854559
-1,NaN,NaN,892.487308,0
1,765.4047,407.846,892.501306,5.34691754728556
-1,NaN,NaN,892.515308,0
1,784.8652,410.13,892.539331,5.13415597379208
-1,NaN,NaN,892.547319,0
1,805.1205,413.4794,892.565307,5.14244381338358
-1,NaN,NaN,892.581328,0
1,822.0464,416.9022,892.599322,5.06089953705668
-1,NaN,NaN,892.61331,0
1,840.7639,448.7843,892.63331,5.13683771714568
-1,NaN,NaN,892.647327,0
1,851.6083,481.431,892.66333,5.24457171559334
-1,NaN,NaN,892.679325,0
1,851.9522,481.4427,892.695319,5.35831646993756
-1,NaN,NaN,892.711313,0
1,849.8845,481.6205,892.729335,5.42627647519112
-1,NaN,NaN,892.743315,0
1,849.3051,480.036,892.761316,5.53311035037041
-1,NaN,NaN,892.775318,0
1,848.7674,477.8523,892.794324,5.56931691244245
-1,NaN,NaN,892.808319,0
1,847.1887,473.5899,892.826321,5.6045688688755
-1,NaN,NaN,892.842334,0
1,845.9873,472.28,892.85832,5.68258389830589
-1,NaN,NaN,892.872343,0
1,847.1011,470.5688,892.89434,5.60971070080996
-1,NaN,NaN,892.904323,0
1,848.185,468.957,892.922325,5.63499983400106
-1,NaN,NaN,892.940327,0
1,848.4352,468.3955,892.954361,5.60491625219584
-1,NaN,NaN,892.968326,0
1,848.7992,468.1663,892.992358,5.60869043692946
-1,NaN,NaN,893.000327,0
1,848.8348,468.4001,893.020329,5.62965404242277
-1,NaN,NaN,893.038329,0
1,849.8541,467.7849,893.052342,5.64902229234576
-1,NaN,NaN,893.06633,0
1,850.7514,467.2932,893.090333,5.65150287002325
-1,NaN,NaN,893.098332,0
1,850.4984,467.9789,893.118351,5.70097751915455
-1,NaN,NaN,893.132349,0
-1,NaN,NaN,893.150353,0
-1,NaN,NaN,893.166337,0
1,809.1664,471.4627,893.188354,5.70427300408483
-1,NaN,NaN,893.198337,0
1,767.7115,471.9064,893.214351,5.67065225914121
-1,NaN,NaN,893.232345,0
1,726.1868,471.9699,893.248356,5.60593837872148
-1,NaN,NaN,893.262358,0
1,695.5316,471.4944,893.280356,5.61135075986385
-1,NaN,NaN,893.296342,0
1,696.7149,469.828,893.312359,5.59850223362446
-1,NaN,NaN,893.328358,0
1,698.3051,469.8919,893.344353,5.63266268000007
-1,NaN,NaN,893.360343,0
1,699.141,470.1648,893.376383,5.71816507726908
-1,NaN,NaN,893.394348,0
1,699.1131,470.2435,893.410387,5.62767777591944
-1,NaN,NaN,893.426364,0
1,698.9825,470.975,893.44435,5.58483880013227
-1,NaN,NaN,893.458366,0
1,698.4229,472.408,893.476349,5.53218415006995
-1,NaN,NaN,893.49235,0
1,698.3014,473.2451,893.50836,5.5300802923739
-1,NaN,NaN,893.522351,0
1,699.6232,473.7147,893.544375,5.54626015946269
-1,NaN,NaN,893.556353,0
1,701.5765,473.7439,893.572408,5.61186578124762
-1,NaN,NaN,893.592355,0
1,704.4233,473.2756,893.604387,5.62665006145835
-1,NaN,NaN,893.620356,0
1,706.8454,473.2748,893.64236,5.63273625448346
-1,NaN,NaN,893.652357,0
1,708.2068,473.4457,893.668362,5.66187035292387
-1,NaN,NaN,893.688378,0
1,709.3206,473.2238,893.70236,5.66307036206126
-1,NaN,NaN,893.718361,0
1,709.8656,472.3242,893.736368,5.70934591814876
-1,NaN,NaN,893.750361,0
1,710.1577,470.7976,893.76638,5.71412732824683
-1,NaN,NaN,893.786366,0
1,710.2539,470.2689,893.798385,5.69598935544491
-1,NaN,NaN,893.814379,0
1,710.4954,470.9979,893.832367,5.68027934059501
-1,NaN,NaN,893.848367,0
1,710.8923,471.9243,893.864385,5.67429885268211
-1,NaN,NaN,893.880379,0
1,711.1927,472.7707,893.89638,5.6190830655396
-1,NaN,NaN,893.912368,0
1,711.2045,473.6861,893.928436,5.59209752827883
-1,NaN,NaN,893.946379,0
1,711.5472,473.7903,893.960371,5.62056060880423
-1,NaN,NaN,893.978373,0
1,712.0303,473.9316,893.994373,5.64989959821105
-1,NaN,NaN,894.010373,0
1,712.3853,474.6562,894.026374,5.69970812648535
-1,NaN,NaN,894.044375,0
1,713.118,474.2064,894.058375,5.6983414106071
-1,NaN,NaN,894.074376,0
1,712.376,475.0616,894.092389,5.69211738184094
-1,NaN,NaN,894.106379,0
1,712.2676,475.0928,894.124394,5.61764184385538
-1,NaN,NaN,894.140381,0
1,711.9105,474.7273,894.156393,5.60396816581488
-1,NaN,NaN,894.172398,0
1,711.6006,474.2119,894.190408,5.56077575311065
-1,NaN,NaN,894.204394,0
1,711.6078,473.9113,894.220384,5.53472386673093
-1,NaN,NaN,894.2404,0
1,711.2926,474.0567,894.254384,5.5371280759573
-1,NaN,NaN,894.268386,0
1,710.7894,474.783,894.288387,5.57978358119726
-1,NaN,NaN,894.302387,0
1,709.7866,475.1731,894.318387,5.60768973082304
-1,NaN,NaN,894.336398,0
1,708.282,475.5215,894.352388,5.61895780265331
-1,NaN,NaN,894.366416,0
1,707.4792,476.2911,894.382396,5.63525734469295
-1,NaN,NaN,894.400392,0
1,707.2793,477.4707,894.416393,5.5782780982554
-1,NaN,NaN,894.432401,0
1,707.679,478.4296,894.448408,5.58070279657841
-1,NaN,NaN,894.464406,0
1,708.4576,478.4598,894.480413,5.62015874311328
-1,NaN,NaN,894.496396,0
1,708.5208,478.1207,894.513415,5.63472229987383
-1,NaN,NaN,894.529412,0
1,708.4608,477.9168,894.545413,5.63624175265431
-1,NaN,NaN,894.561398,0
1,708.936,477.9655,894.577428,5.62085071578622
-1,NaN,NaN,894.591402,0
1,716.9931,478.6364,894.611422,5.53396018221974
-1,NaN,NaN,894.625401,0
1,726.6898,478.1767,894.643416,5.54734468460083
-1,NaN,NaN,894.657403,0
1,744.2007,478.2156,894.675421,5.56812295690179
-1,NaN,NaN,894.691421,0
1,762.0368,477.449,894.708407,5.65593549981713
-1,NaN,NaN,894.722405,0
1,779.7766,476.3781,894.742518,5.71988523006439
-1,NaN,NaN,894.754408,0
1,797.1999,475.104,894.77242,5.68024767562747
-1,NaN,NaN,894.790408,0
1,814.7624,473.5918,894.806413,5.6359781883657
-1,NaN,NaN,894.818409,0
1,832.1166,472.5059,894.840434,5.59070147573948
-1,NaN,NaN,894.852413,0
1,841.3735,471.9901,894.870424,5.53339859470725
-1,NaN,NaN,894.886418,0
1,842.9548,471.379,894.904414,5.47349965199828
-1,NaN,NaN,894.920414,0
1,845.2614,470.6281,894.936476,5.37399621680379
-1,NaN,NaN,894.950418,0
1,845.3767,471.8121,894.968434,5.34445559605956
-1,NaN,NaN,894.982418,0
1,846.6306,471.9935,895.002419,5.34470984712243
-1,NaN,NaN,895.014426,0
1,846.9637,472.3956,895.036446,5.4211369715631
-1,NaN,NaN,895.048422,0
1,846.9698,472.614,895.064421,5.52293611690402
-1,NaN,NaN,895.078423,0
1,846.9059,472.564,895.098424,5.5641857907176
-1,NaN,NaN,895.114436,0
1,848.181,471.2438,895.130426,5.56258717551827
-1,NaN,NaN,895.144424,0
1,847.965,470.931,895.162425,5.55625790730119
-1,NaN,NaN,895.176426,0
1,849.3453,469.8432,895.19444,5.5529186502099
-1,NaN,NaN,895.208427,0
1,850.3994,468.5815,895.226429,5.57097047567368
-1,NaN,NaN,895.242447,0
1,851.4301,467.2321,895.258465,5.57657051831484
-1,NaN,NaN,895.274431,0
1,851.9723,466.2276,895.29246,5.63264451920986
-1,NaN,NaN,895.306432,0
1,852.0964,465.4275,895.324433,5.68726751953363
-1,NaN,NaN,895.340434,0
1,853.1151,463.7982,895.358434,5.70174306631088
-1,NaN,NaN,895.370436,0
1,852.6086,462.4141,895.390447,5.78397791832685
-1,NaN,NaN,895.404445,0
1,850.7173,461.9526,895.420438,5.72887575253844
-1,NaN,NaN,895.440438,0
1,848.4496,461.0641,895.454438,5.71527890861034
-1,NaN,NaN,895.466447,0
1,846.3795,462.1512,895.490441,5.71614177897573
-1,NaN,NaN,895.502444,0
1,845.9773,461.6918,895.518442,5.66705549135804
-1,NaN,NaN,895.534447,0
1,844.8096,462.094,895.552445,5.66349690780044
-1,NaN,NaN,895.564448,0
1,848.2133,461.9656,895.588463,5.65995555371046
-1,NaN,NaN,895.600456,0
1,832.9551,461.9547,895.616458,5.65445749089122
-1,NaN,NaN,895.634565,0
1,796.5255,460.1379,895.648453,5.57965133339167
-1,NaN,NaN,895.666463,0
1,757.1285,460.8506,895.684545,5.54247060790658
-1,NaN,NaN,895.69645,0
1,713.76,462.7416,895.714454,5.40927238762379
1,699.3555,463.8981,895.730464,5.34397410228848
1,700.213,464.5692,895.746468,5.40689565241337
-1,NaN,NaN,895.762452,0
1,701.2563,466.9618,895.778473,5.42219309136271
-1,NaN,NaN,895.794466,0
1,702.1686,466.885,895.812458,5.42835984379053
-1,NaN,NaN,895.826473,0
1,703.0052,466.7176,895.844474,5.47299021854997
-1,NaN,NaN,895.860457,0
1,703.1413,467.0593,895.876477,5.40157780051231
-1,NaN,NaN,895.892459,0
1,705.5245,467.318,895.910473,5.37167116999626
-1,NaN,NaN,895.92446,0
1,708.0796,467.1639,895.94246,5.40119409561157
-1,NaN,NaN,895.956461,0
1,710.3088,467.875,895.972491,5.40376827120781
-1,NaN,NaN,895.992481,0
1,711.7875,468.0593,896.006477,5.45812956988811
-1,NaN,NaN,896.020465,0
1,713.55,467.4962,896.040479,5.51961921155453
-1,NaN,NaN,896.054509,0
1,714.5583,468.9297,896.070475,5.52459992468357
-1,NaN,NaN,896.088513,0
1,714.6049,469.6562,896.102467,5.48921758309007
-1,NaN,NaN,896.120469,0
1,714.1033,470.8351,896.138482,5.43467095121741
-1,NaN,NaN,896.15247,0
1,713.4197,472.5945,896.168472,5.4310942068696
-1,NaN,NaN,896.186504,0
1,713.2922,471.9265,896.200473,5.39593491703272
-1,NaN,NaN,896.216475,0
1,712.66,471.235,896.234581,5.39438985288143
-1,NaN,NaN,896.248474,0
1,717.9445,471.0932,896.264478,5.34551404416561
-1,NaN,NaN,896.278477,0
1,727.1649,469.886,896.298492,5.34477969631553
-1,NaN,NaN,896.312478,0
1,742.4098,468.6482,896.330496,5.39769232273102
-1,NaN,NaN,896.34449,0
1,761.0525,466.9881,896.364486,5.47710154205561
-1,NaN,NaN,896.376508,0
1,779.9221,465.431,896.394485,5.55039662867785
-1,NaN,NaN,896.410482,0
1,798.2682,463.5056,896.428484,5.56211452931166
-1,NaN,NaN,896.444501,0
1,816.4748,461.2875,896.460484,5.59425354003906
-1,NaN,NaN,896.474487,0
1,834.5767,459.2283,896.492486,5.53465029224753
-1,NaN,NaN,896.506489,0
1,847.3898,457.8881,896.524487,5.53632294759154
-1,NaN,NaN,896.540488,0
1,851.7753,457.3797,896.556502,5.53381815552711
-1,NaN,NaN,896.570489,0
1,852.1545,456.6732,896.592491,5.54779171943665
-1,NaN,NaN,896.604506,0
1,852.4276,456.0231,896.622492,5.54287061095238
-1,NaN,NaN,896.638499,0
1,852.8309,456.0027,896.654493,5.59036759659648
-1,NaN,NaN,896.668494,0
1,853.0645,456.6472,896.688518,5.54223777726293
-1,NaN,NaN,896.702496,0
1,852.8921,457.7783,896.720496,5.48879103735089
-1,NaN,NaN,896.736524,0
1,852.3434,458.952,896.752498,5.5351797491312
-1,NaN,NaN,896.766499,0
1,851.4235,460.2189,896.786512,5.50447683781385
-1,NaN,NaN,896.7985,0
1,849.9908,461.3336,896.818501,5.50517719238997
-1,NaN,NaN,896.830514,0
1,848.6728,462.6763,896.848543,5.47865452244878
-1,NaN,NaN,896.862503,0
1,847.1918,464.2722,896.884516,5.4299752227962
-1,NaN,NaN,896.896505,0
1,846.0888,465.9959,896.914514,5.44275948777795
-1,NaN,NaN,896.928507,0
1,845.397,467.6862,896.94652,5.41324820369482
-1,NaN,NaN,896.96052,0
1,844.6134,469.0794,896.980525,5.42880827561021
-1,NaN,NaN,896.996509,0
1,830.9315,472.8536,897.012521,5.41371200233698
1,817.0314,475.1523,897.028512,5.33804530277848
1,799.5096,476.2057,897.04453,5.36330323666334
1,782.1288,476.7057,897.060525,5.32866921275854
1,763.3508,477.259,897.076538,5.32408384606242
1,745.3792,477.236,897.092512,5.31740207225084
1,727.4117,477.0284,897.108526,5.31743420287967
1,715.1818,475.2879,897.126516,5.36176515743136
1,711.0222,473.0532,897.144545,5.34066557884216
1,709.7968,471.6151,897.156516,5.32911485061049
1,710.3506,470.3547,897.174518,5.31301693990827
1,711.0719,469.7081,897.192517,5.27676474303007
1,711.0763,468.8972,897.206519,5.2422946318984
1,711.4222,467.9043,897.222518,5.22492500022054
1,711.62,467.5878,897.241521,5.21508371457458
-1,NaN,NaN,897.25352,0
1,711.5251,468.8438,897.271522,5.21704647690058
1,711.5367,469.947,897.291537,5.2358191460371
1,712.4185,470.9635,897.303523,5.23844268172979
-1,NaN,NaN,897.319523,0
1,715.3561,473.3822,897.339539,5.26419933885336
1,716.0557,474.5246,897.353524,5.27574494481087
1,718.5167,474.6603,897.367546,5.24856150150299
-1,NaN,NaN,897.387531,0
1,721.6901,473.9855,897.399526,5.30278170481324
1,720.9077,473.8556,897.417578,5.31039480119944
1,721.0953,473.2617,897.435529,5.2975439466536
1,721.7835,471.8698,897.449528,5.37521205842495
1,720.8521,471.3358,897.465533,5.29353693127632
1,718.9135,471.4745,897.485531,5.27493469417095
1,718.1959,471.9621,897.497532,5.27331931516528
1,718.7913,472.3439,897.515539,5.24378474801779
1,719.0228,472.813,897.531536,5.24998921900988
1,718.1804,474.1972,897.547533,5.24353748187423
1,717.9124,475.3559,897.563535,5.23928180336952
1,717.5862,476.1252,897.57954,5.22982375696301
1,717.4064,476.5126,897.595536,5.25782676413655
1,717.328,476.4232,897.611536,5.25052053853869
1,717.362,475.8683,897.627537,5.29870297759771
1,717.3199,475.2723,897.643543,5.30707323923707
1,717.2642,474.425,897.659539,5.30822481960058
1,717.1481,473.808,897.677548,5.25229889899492
1,717.1505,473.5623,897.693541,5.2394918166101
1,717.3,473.6627,897.709541,5.18801202997565
1,717.4338,473.8768,897.725542,5.19024068489671
1,717.541,474.1417,897.74355,5.19635295495391
1,717.3991,474.4622,897.757543,5.23540191352367
1,717.1487,475.0951,897.775543,5.24206319823861
1,716.9635,475.6728,897.79157,5.27073349803686
1,716.6038,476.0714,897.805567,5.25530986487865
1,716.4722,475.7064,897.823547,5.25861699134111
1,716.044,475.5934,897.843564,5.21592097356915
1,715.709,475.2926,897.853547,5.1887696608901
1,715.369,475.4217,897.87155,5.17147546634078
1,715.0685,475.6199,897.891561,5.19104767590761
1,715.1934,475.5633,897.90355,5.17625967040658
1,715.5164,475.2905,897.919593,5.21629489958286
1,716.3867,474.9943,897.941559,5.20992418751121
1,717.6082,474.5715,897.951552,5.24204503744841
1,718.9407,474.2494,897.967563,5.2372794598341
1,720.5209,473.9099,897.989563,5.22795505821705
1,722.1304,473.3211,898.00157,5.23001095280051
1,723.7635,473.0067,898.017567,5.24316774681211
1,725.2776,472.5618,898.03957,5.2435933612287
1,726.3647,472.0406,898.049556,5.27480430901051
-1,NaN,NaN,898.065557,0
1,727.0239,470.4212,898.08356,5.35879749804735
-1,NaN,NaN,898.097559,0
1,733.5959,472.5338,898.113572,5.35051431506872
-1,NaN,NaN,898.127563,0
1,741.5772,475.3451,898.147564,5.31295500695705
-1,NaN,NaN,898.163579,0
1,757.4753,482.4571,898.181576,5.2903494797647
-1,NaN,NaN,898.194562,0
1,764.7263,486.8948,898.212624,5.26406243443489
-1,NaN,NaN,898.22458,0
1,774.7792,491.2876,898.246588,5.26689831167459
-1,NaN,NaN,898.258566,0
1,783.5869,496.8151,898.278581,5.32182212918997
-1,NaN,NaN,898.292568,0
1,787.2038,502.0031,898.310628,5.32496301457286
-1,NaN,NaN,898.322568,0
1,788.1404,503.7426,898.346578,5.33114373683929
-1,NaN,NaN,898.354588,0
1,786.7546,506.6575,898.374596,5.33413281664252
-1,NaN,NaN,898.392572,0
1,786.7491,508.5329,898.406576,5.29518071562052
-1,NaN,NaN,898.420573,0
1,789.8931,508.0598,898.445575,5.38106495514512
-1,NaN,NaN,898.451592,0
1,792.3292,507.7993,898.471575,5.42096048593521
-1,NaN,NaN,898.491578,0
1,798.623,504.4436,898.503592,5.53096923977137
-1,NaN,NaN,898.517578,0
1,806.5869,500.3099,898.539586,5.63992699608207
-1,NaN,NaN,898.549578,0
1,815.161,495.2275,898.569593,5.61072956770658
-1,NaN,NaN,898.585615,0
1,823.8175,488.3607,898.601582,5.56197296828032
-1,NaN,NaN,898.615581,0
1,829.8954,481.0496,898.638956,5.51122706383467
-1,NaN,NaN,898.648584,0
1,831.4157,473.1998,898.666593,5.47855067998171
-1,NaN,NaN,898.680589,0
1,826.0164,467.2511,898.698616,5.43196266517043
-1,NaN,NaN,898.714628,0
1,796.7437,461.6407,898.73259,5.43681206181645
-1,NaN,NaN,898.748591,0
1,761.6659,462.9835,898.764601,5.35700330510736
-1,NaN,NaN,898.780603,0
1,728.801,467.4547,898.796592,5.2842553704977
-1,NaN,NaN,898.81259,0
1,717.6439,474.9334,898.828607,5.25108957663178
-1,NaN,NaN,898.846606,0
1,715.5696,477.9458,898.860606,5.24513423442841
-1,NaN,NaN,898.87661,0
1,712.461,478.7969,898.896597,5.23165846243501
-1,NaN,NaN,898.910596,0
1,709.6151,478.575,898.926596,5.23313041776419
-1,NaN,NaN,898.942598,0
1,707.8301,477.4672,898.95862,5.27311395853758
-1,NaN,NaN,898.972598,0
1,707.6718,475.4338,898.99462,5.24240406230092
-1,NaN,NaN,899.0046,0
1,707.4277,473.2073,899.02462,5.26299932971597
-1,NaN,NaN,899.038675,0
1,708.7198,471.867,899.056622,5.29184797778726
-1,NaN,NaN,899.070603,0
1,710.1213,470.5497,899.09263,5.26266312226653
-1,NaN,NaN,899.102605,0
1,710.5767,468.716,899.120605,5.29296277090907
-1,NaN,NaN,899.13474,0
1,709.1141,469.3609,899.154623,5.27708837762475
-1,NaN,NaN,899.166625,0
1,721.3774,459.9712,899.190624,5.14421006664634
-1,NaN,NaN,899.198608,0
1,732.0408,452.0384,899.218609,5.09983068332076
-1,NaN,NaN,899.232618,0
1,755.3054,433.6858,899.252612,5.06787886843085
-1,NaN,NaN,899.26261,0
1,779.7392,414.214,899.286647,5.13798743486404
-1,NaN,NaN,899.296613,0
1,803.3326,392.5919,899.314628,5.16615202650428
-1,NaN,NaN,899.328616,0
1,828.6288,370.0089,899.346617,5.20090200006962
-1,NaN,NaN,899.362616,0
1,852.8415,346.5841,899.380635,5.17532415688038
-1,NaN,NaN,899.394619,0
1,880.5718,318.3156,899.412631,5.2045900374651
1,896.5081,302.7485,899.428618,5.0996127538383
1,898.576,294.5261,899.446638,4.98537439852953
1,908.0359,287.3817,899.46262,4.95434040203691
1,912.7938,281.1504,899.478654,4.90477215498686
1,926.8493,269.8141,899.494623,4.89189336076379
1,933.0092,263.9705,899.510621,4.8416000790894
1,943.11,259.4912,899.526639,4.84789861366153
1,949.5098,257.2916,899.546625,4.80472110211849
1,958.7142,251.7789,899.558636,4.7900453209877
1,965.186,243.5459,899.57664,4.81074163690209
1,970.3802,242.0687,899.594626,4.79975342750549
1,968.209,245.8671,899.608639,4.79747308418155
1,970.8972,247.3419,899.622628,4.76351799443364
1,969.4474,248.8181,899.644629,4.73965471610427
1,971.8054,249.2679,899.656628,4.71260445192456
1,969.4734,250.9936,899.67263,4.68904571607709
-1,NaN,NaN,899.690632,0
1,960.5298,264.8419,899.70465,4.80195274576545
1,949.7051,281.4735,899.720655,4.81358449906111
1,928.1133,312.3008,899.742633,4.93111880496144
1,906.5087,346.2505,899.754662,4.9167568795383
1,881.7038,382.1332,899.768634,4.84374910593033
1,855.9863,419.2288,899.790673,4.83103236183524
1,828.7692,458.1608,899.802637,4.72978968173265
1,801.282,497.7135,899.818636,4.72400756552815
1,787.3992,519.6694,899.83864,4.75174002349377
1,783.823,521.9387,899.850638,4.77509014308453
1,781.3699,521.7665,899.866657,4.76380391046405
1,781.8456,521.2223,899.884731,4.7806641086936
1,782.2723,521.1503,899.898641,4.80925431475043
1,784.3861,520.2198,899.914642,4.81491442769766
1,786.7369,518.4174,899.930659,4.89778770133853
1,789.1653,516.7892,899.948644,4.92677045986056
1,791.1921,514.8926,899.964643,4.92883333936334
1,792.9555,513.4258,899.980644,4.97372774407268
1,794.7941,512.5367,899.996644,4.91656828671694
1,795.7021,511.8659,900.012662,4.94160316884518
1,795.6059,512.3081,900.028646,4.94011724367738
-1,NaN,NaN,900.042646,0
1,795.4712,512.639,900.062648,4.94400598108768
-1,NaN,NaN,900.074647,0
1,793.5292,513.2198,900.096668,4.98337624594569
1,793.1157,513.6844,900.110659,4.97679505497217
1,789.6371,514.2706,900.126668,4.99094370752573
-1,NaN,NaN,900.142653,0
1,787.9546,514.6385,900.158664,5.04400208592415
-1,NaN,NaN,900.172652,0
1,784.6741,515.4087,900.194656,5.07981609553099
-1,NaN,NaN,900.204654,0
1,780.8835,515.6769,900.222688,5.18211256712675
-1,NaN,NaN,900.240672,0
1,776.8458,515.7766,900.256659,5.15888258814812
-1,NaN,NaN,900.268657,0
1,772.6027,515.4248,900.290687,5.17205661162734
-1,NaN,NaN,900.302659,0
1,770.394,515.0303,900.32066,5.17768925055861
-1,NaN,NaN,900.338681,0
1,768.2326,514.9238,900.352672,5.16548054292798
-1,NaN,NaN,900.366679,0
1,765.7595,514.9337,900.388695,5.17784338444471
-1,NaN,NaN,900.400662,0
1,764.9052,514.4952,900.418664,5.16101904213429
-1,NaN,NaN,900.432665,0
1,763.9556,514.0971,900.450666,5.19531173631549
-1,NaN,NaN,900.464665,0
1,763.0711,513.5266,900.482669,5.21940551698208
-1,NaN,NaN,900.496685,0
1,766.5599,511.4551,900.516687,5.12589747086167
-1,NaN,NaN,900.528668,0
1,772.2283,508.876,900.550669,5.10733714327216
-1,NaN,NaN,900.562683,0
1,782.1262,504.7829,900.584701,5.04609756171703
-1,NaN,NaN,900.594695,0
1,793.182,500.0314,900.614673,5.05883106961846
-1,NaN,NaN,900.626691,0
1,804.9315,495.0508,900.646707,5.14225335791707
-1,NaN,NaN,900.660676,0
1,815.6878,490.1363,900.678695,5.18271094188094
-1,NaN,NaN,900.692688,0
1,826.848,485.201,900.71069,5.2084494382143
-1,NaN,NaN,900.724677,0
1,837.9393,480.0673,900.742696,5.22428099066019
-1,NaN,NaN,900.75668,0
1,845.038,476.7862,900.776692,5.13922935351729
-1,NaN,NaN,900.788681,0
1,846.3329,475.4341,900.808683,5.13808848336339
-1,NaN,NaN,900.822698,0
1,845.4547,474.6623,900.842682,5.14673255383968
-1,NaN,NaN,900.854685,0
1,845.3101,473.7386,900.872703,5.12978108599782
-1,NaN,NaN,900.888686,0
1,839.9434,472.1164,900.906686,5.19087864086032
-1,NaN,NaN,900.920686,0
1,831.4018,471.0139,900.940688,5.11147268116474
-1,NaN,NaN,900.954693,0
1,800.9762,469.6144,900.9707,5.02087734639645
-1,NaN,NaN,900.990701,0
1,766.6654,470.548,901.00269,4.97862976044416
-1,NaN,NaN,901.016708,0
1,748.4917,470.8745,901.036723,4.98914532363415
-1,NaN,NaN,901.050692,0
1,731.5482,470.4675,901.066694,5.01307053491473
-1,NaN,NaN,901.084727,0
1,715.1366,472.7106,901.100695,5.05411485210061
-1,NaN,NaN,901.114696,0
1,713.8917,473.4905,901.132696,5.08346734568477
-1,NaN,NaN,901.1467,0
1,713.3513,473.196,901.164711,5.05571439862251
-1,NaN,NaN,901.178706,0
1,713.2731,472.6129,901.196735,5.07541187107563
-1,NaN,NaN,901.210699,0
1,713.5493,472.1622,901.230728,5.08116511628032
-1,NaN,NaN,901.2447,0
1,712.7554,471.656,901.262702,5.06292842328548
-1,NaN,NaN,901.276703,0
1,712.4648,470.6978,901.294714,5.08056674152613
-1,NaN,NaN,901.308703,0
1,713.182,469.8412,901.326726,5.05762081593275
-1,NaN,NaN,901.342725,0
1,713.7552,468.765,901.360708,5.08553767576814
-1,NaN,NaN,901.374724,0
1,712.7909,468.5679,901.392709,5.14214346185327
-1,NaN,NaN,901.404718,0
1,711.5184,468.3627,901.42471,5.14282006770372
-1,NaN,NaN,901.440727,0
1,710.126,467.9271,901.458711,5.12670213356614
-1,NaN,NaN,901.472711,0
1,706.7643,467.8968,901.490721,5.06535964086652
-1,NaN,NaN,901.50672,0
1,704.55,468.9654,901.522714,5.06041431799531
-1,NaN,NaN,901.540732,0
1,704.3025,470.4396,901.554723,5.0651622004807
-1,NaN,NaN,901.570718,0
1,704.4141,473.5847,901.588736,5.06739830598235
-1,NaN,NaN,901.602742,0
1,705.9337,475.377,901.62072,5.07655600085855
-1,NaN,NaN,901.638724,0
1,706.1315,475.4778,901.650719,5.00681577250361
-1,NaN,NaN,901.664743,0
1,720.0001,458.7316,901.684726,4.90552512928844
1,735.783,439.9433,901.700738,4.87582152709365
1,762.937,403.0283,901.718733,4.85257944092155
1,791.2056,369.5105,901.732747,4.86681377515197
1,815.4355,332.3482,901.750723,4.87868906930089
1,841.9138,300.9051,901.764728,4.86006308346987
1,864.5955,268.2948,901.782738,4.76960930973291
1,889.4993,240.2961,901.796727,4.7673424705863
1,898.4406,225.37,901.814743,4.8035616055131
1,899.4279,225.6135,901.828728,4.81555657461286
1,897.9888,227.4007,901.84676,4.88003715872765
1,898.8408,230.2698,901.862756,4.87759849056602
1,896.7894,231.2429,901.88075,4.86816978082061
1,896.2939,232.8745,901.894748,4.82976669445634
1,893.8848,233.5008,901.912743,4.77660074830055
1,893.5579,232.7714,901.92675,4.76196920499206
1,890.8706,232.7063,901.944746,4.71237022429705
1,890.8048,231.7197,901.960734,4.68572648242116
1,888.0848,232.2507,901.976747,4.6621598303318
1,889.6625,235.922,901.99275,4.67344420030713
1,888.7505,243.4834,902.010739,4.7017028555274
-1,NaN,NaN,902.020738,0
1,888.8864,259.6933,902.044737,4.75544529035687
-1,NaN,NaN,902.056741,0
1,881.3708,308.2073,902.074739,4.79312520474195
-1,NaN,NaN,902.08874,0
1,875.2687,339.1356,902.104746,4.77524567395449
-1,NaN,NaN,902.118741,0
1,869.1276,370.4151,902.14076,4.80389455333352
-1,NaN,NaN,902.152741,0
1,863.5266,403.8816,902.170744,4.75399708375335
-1,NaN,NaN,902.186796,0
1,856.5995,433.3712,902.202744,4.76761814206839
-1,NaN,NaN,902.216747,0
1,847.8145,456.1522,902.238783,4.78220777586102
-1,NaN,NaN,902.250749,0
1,839.5515,471.8266,902.268748,4.80586988851428
-1,NaN,NaN,902.284767,0
1,838.9932,473.0573,902.300748,4.86708944663405
-1,NaN,NaN,902.314749,0
1,837.9356,472.7207,902.332751,4.89274878054857
-1,NaN,NaN,902.346751,0
1,838.3759,471.782,902.366763,4.96634468436241
-1,NaN,NaN,902.378752,0
1,839.4739,470.5126,902.398769,5.05921430885792
-1,NaN,NaN,902.412754,0
1,840.8882,468.9958,902.430773,5.10567612946033
-1,NaN,NaN,902.444756,0
1,843.6744,467.6295,902.464757,5.07289124652743
-1,NaN,NaN,902.476758,0
1,846.5006,466.1602,902.494775,5.08021516725421
-1,NaN,NaN,902.508777,0
1,849.4106,465.4753,902.526782,5.05501730367541
-1,NaN,NaN,902.542761,0
1,851.9729,465.1523,902.560762,5.05489064380527
-1,NaN,NaN,902.574783,0
1,853.0074,465.633,902.592763,5.13419508934021
-1,NaN,NaN,902.604763,0
1,853.4177,466.7072,902.626763,5.12517150491476
-1,NaN,NaN,902.640765,0
1,852.7772,467.908,902.656791,5.17779728397727
-1,NaN,NaN,902.672772,0
1,851.5702,469.3545,902.692766,5.25549100711942
-1,NaN,NaN,902.704791,0
1,850.2355,470.7916,902.722768,5.28303440660238
-1,NaN,NaN,902.73878,0
1,848.9241,471.3684,902.754771,5.23362774401903
-1,NaN,NaN,902.768781,0
1,840.8696,472.2336,902.790771,5.18009904772043
-1,NaN,NaN,902.800772,0
1,831.939,472.4071,902.820774,5.17989229410887
-1,NaN,NaN,902.836793,0
1,816.5714,473.4075,902.852773,5.22574922069907
-1,NaN,NaN,902.870806,0
1,784.1183,475.1828,902.886825,5.29389875009656
-1,NaN,NaN,902.898794,0
1,767.5527,476.5171,902.918778,5.36526180803776
-1,NaN,NaN,902.930783,0
1,751.6345,476.5791,902.950796,5.31552359461784
-1,NaN,NaN,902.96478,0
1,734.8741,476.3621,902.984812,5.23572601377964
-1,NaN,NaN,902.996799,0
1,724.9564,475.9463,903.017782,5.23479701951146
-1,NaN,NaN,903.029786,0
1,722.9525,475.929,903.047783,5.15809655189514
-1,NaN,NaN,903.061801,0
1,721.3284,475.6924,903.079785,5.19389845430851
-1,NaN,NaN,903.093803,0
1,719.7024,473.9774,903.111798,5.21247740834951
-1,NaN,NaN,903.125789,0
1,717.7419,472.8836,903.145787,5.16545260325074
-1,NaN,NaN,903.157806,0
1,715.1788,473.1217,903.17779,5.15134399756789
-1,NaN,NaN,903.191789,0
1,712.9725,473.3019,903.209791,5.1037329249084
-1,NaN,NaN,903.221791,0
1,710.9014,473.1292,903.243806,5.07862586528063
-1,NaN,NaN,903.255792,0
1,709.4996,472.7712,903.275794,5.08880196139216
-1,NaN,NaN,903.289794,0
1,708.6072,472.1258,903.305812,5.12512400746346
-1,NaN,NaN,903.319797,0
1,707.8386,471.2567,903.339825,5.11827552691102
-1,NaN,NaN,903.351795,0
1,707.3126,470.5463,903.371799,5.15449326485395
-1,NaN,NaN,903.387799,0
1,706.7419,470.2681,903.403817,5.1631317473948
-1,NaN,NaN,903.4198,0
1,706.2356,470.1573,903.437848,5.16143767163157
-1,NaN,NaN,903.449818,0
1,705.7789,470.2979,903.469842,5.18713612109423
-1,NaN,NaN,903.483803,0
1,705.3409,470.5906,903.499804,5.20489877089858
-1,NaN,NaN,903.515809,0
1,708.3773,471.2971,903.535823,5.19471149891615
-1,NaN,NaN,903.547804,0
1,717.0776,472.1069,903.565809,5.19148586317897
-1,NaN,NaN,903.579815,0
1,729.2571,472.9044,903.599807,5.19365817308426
-1,NaN,NaN,903.611809,0
1,747.1925,474.2422,903.635816,5.14891976490617
-1,NaN,NaN,903.64581,0
1,765.0517,474.7531,903.66381,5.18692191690207
-1,NaN,NaN,903.677811,0
1,783.0903,475.2914,903.695811,5.22653805091977
-1,NaN,NaN,903.70983,0
1,801.118,475.6323,903.727814,5.2135637961328
-1,NaN,NaN,903.741815,0
1,818.9492,475.5241,903.759832,5.23986294865608
-1,NaN,NaN,903.775818,0
1,833.624,475.0772,903.793834,5.19594689831138
-1,NaN,NaN,903.807818,0
1,839.7955,474.2223,903.827822,5.18770515918732
-1,NaN,NaN,903.84182,0
1,840.9402,473.902,903.857821,5.24526089429855
-1,NaN,NaN,903.873827,0
1,841.9609,473.4182,903.891852,5.27817429974675
-1,NaN,NaN,903.90384,0
1,842.6909,472.0318,903.923822,5.29863592237234
-1,NaN,NaN,903.941848,0
1,843.058,471.2827,903.955835,5.33360848203301
-1,NaN,NaN,903.967827,0
1,834.7205,471.3092,903.991826,5.25043345987797
-1,NaN,NaN,904.001844,0
1,826.1395,471.9178,904.021828,5.19789988175035
-1,NaN,NaN,904.040896,0
1,808.8221,472.8803,904.052827,5.197131074965
-1,NaN,NaN,904.066871,0
1,791.0795,474.1537,904.088831,5.18573634326458
-1,NaN,NaN,904.09883,0
1,772.9816,475.0205,904.116849,5.1879552192986
-1,NaN,NaN,904.134854,0
1,754.8453,476.1647,904.150832,5.23914257064462
-1,NaN,NaN,904.164836,0
1,736.5181,476.9751,904.188851,5.28830848634243
-1,NaN,NaN,904.196834,0
1,718.1628,477.2736,904.214835,5.28250029310584
-1,NaN,NaN,904.232699,0
1,708.439,476.4557,904.248836,5.29930274933577
-1,NaN,NaN,904.262837,0
1,707.5621,474.5134,904.284939,5.31945936381817
-1,NaN,NaN,904.29284,0
1,706.8358,472.7754,904.312841,5.29155507683754
-1,NaN,NaN,904.326841,0
1,706.1332,471.4367,904.346841,5.26513950899243
-1,NaN,NaN,904.358841,0
1,705.6337,470.2562,904.378853,5.29234390705824
-1,NaN,NaN,904.390843,0
1,705.2399,469.6101,904.410863,5.25306398048997
-1,NaN,NaN,904.42286,0
1,704.7307,469.3152,904.464863,5.24233281612396
-1,NaN,NaN,904.464893,0
1,704.2277,469.6897,904.476848,5.2282651886344
-1,NaN,NaN,904.488849,0
1,703.8177,471.0414,904.50685,5.18015353009105
-1,NaN,NaN,904.520867,0
1,703.4679,472.6394,904.542892,5.19062299281359
-1,NaN,NaN,904.552852,0
1,703.23,474.6974,904.572853,5.13637997210026
-1,NaN,NaN,904.588854,0
1,704.582,476.0906,904.604871,5.24522596970201
-1,NaN,NaN,904.618854,0
1,704.3874,477.3676,904.642873,5.25841303169727
-1,NaN,NaN,904.650872,0
1,707.7321,478.328,904.668857,5.23638678714633
-1,NaN,NaN,904.686877,0
1,707.9658,478.6411,904.702876,5.30887674540281
-1,NaN,NaN,904.714859,0
1,710.3208,479.3535,904.740912,5.13382814824581
-1,NaN,NaN,904.748872,0
1,712.673,478.2009,904.766872,5.33204386010766
-1,NaN,NaN,904.784951,0
1,715.0405,476.6783,904.798862,5.36372605711222
-1,NaN,NaN,904.814862,0
1,718.785,473.9484,904.836866,5.37897180765867
-1,NaN,NaN,904.846879,0
1,720.9323,470.9145,904.864879,5.39082335308194
-1,NaN,NaN,904.878877,0
1,736.3743,473.6799,904.896867,5.57077070698142
-1,NaN,NaN,904.910877,0
1,765.9204,484.1245,904.930871,5.53182745352387
1,778.4244,501.5964,904.946925,5.54403383284807
-1,NaN,NaN,904.95887,0
-1,NaN,NaN,904.976872,0
-1,NaN,NaN,904.992872,0
-1,NaN,NaN,905.008878,0
-1,NaN,NaN,905.024874,0
-1,NaN,NaN,905.042891,0
-1,NaN,NaN,905.056874,0
-1,NaN,NaN,905.070874,0
-1,NaN,NaN,905.090876,0
-1,NaN,NaN,905.104876,0
-1,NaN,NaN,905.120894,0
-1,NaN,NaN,905.141889,0
-1,NaN,NaN,905.153879,0
-1,NaN,NaN,905.169878,0
-1,NaN,NaN,905.189881,0
-1,NaN,NaN,905.201881,0
-1,NaN,NaN,905.217881,0
-1,NaN,NaN,905.239882,0
-1,NaN,NaN,905.251887,0
-1,NaN,NaN,905.265885,0
-1,NaN,NaN,905.285885,0
-1,NaN,NaN,905.299886,0
-1,NaN,NaN,905.317905,0
-1,NaN,NaN,905.333896,0
-1,NaN,NaN,905.349906,0
-1,NaN,NaN,905.3659,0
-1,NaN,NaN,905.385892,0
-1,NaN,NaN,905.397892,0
-1,NaN,NaN,905.413889,0
-1,NaN,NaN,905.43191,0
1,810.2568,520.8976,905.447909,5.16858324408531
-1,NaN,NaN,905.463892,0
1,820.6342,529.6846,905.484033,5.0836238078773
-1,NaN,NaN,905.493895,0
1,811.099,528.7149,905.513913,5.06715383380651
-1,NaN,NaN,905.527907,0
1,753.3561,492.2332,905.54791,5.12430444359779
-1,NaN,NaN,905.561896,0
1,759.0807,489.9456,905.579898,5.21329930052161
-1,NaN,NaN,905.595898,0
1,746.1906,487.7262,905.609916,5.29045797884464
-1,NaN,NaN,905.625916,0
1,728.9392,484.4408,905.6459,5.35707641392946
-1,NaN,NaN,905.6579,0
1,718.3799,482.3922,905.675902,5.41145820170641
-1,NaN,NaN,905.691911,0
1,714.341,480.8969,905.707922,5.36849023774266
-1,NaN,NaN,905.723917,0
1,712.5293,480.1581,905.741906,5.3281644359231
-1,NaN,NaN,905.755906,0
1,711.2789,479.4241,905.773907,5.32938959077001
-1,NaN,NaN,905.791908,0
1,708.7977,479.1602,905.805907,5.33667346462607
-1,NaN,NaN,905.821907,0
1,705.4398,480.0843,905.84191,5.36470580846071
-1,NaN,NaN,905.853922,0
1,703.4337,480.5497,905.869911,5.40466792881489
-1,NaN,NaN,905.889912,0
1,702.8301,480.3394,905.901914,5.41012967005372
-1,NaN,NaN,905.917931,0
1,702.4332,479.8854,905.93795,5.39759173989296
-1,NaN,NaN,905.949915,0
1,702.085,479.124,905.967916,5.34438760951161
-1,NaN,NaN,905.985952,0
1,702.2838,478.0841,905.999925,5.33566018566489
-1,NaN,NaN,906.015917,0
1,702.9957,478.1539,906.035924,5.34547073766589
-1,NaN,NaN,906.047921,0
1,704.3022,479.0262,906.065936,5.37026626989245
-1,NaN,NaN,906.081921,0
1,705.5152,480.286,906.097922,5.38558745756745
-1,NaN,NaN,906.11394,0
1,706.076,480.9565,906.129938,5.38667757064104
-1,NaN,NaN,906.145924,0
1,706.1797,481.0421,906.161924,5.356858484447
-1,NaN,NaN,906.177929,0
1,707.2258,479.9584,906.195926,5.29909692704678
-1,NaN,NaN,906.20994,0
1,710.4395,478.2903,906.227929,5.27773564681411
-1,NaN,NaN,906.243934,0
1,713.5397,477.4307,906.259928,5.25081716477871
-1,NaN,NaN,906.27393,0
1,717.5242,475.663,906.293935,5.2561960183084
-1,NaN,NaN,906.307942,0
1,719.6822,476.7737,906.323945,5.25907520204782
-1,NaN,NaN,906.341949,0
1,726.3455,476.5757,906.355934,5.27367182075977
-1,NaN,NaN,906.371953,0
1,735.1964,476.6453,906.389958,5.30062755569816
-1,NaN,NaN,906.405936,0
1,753.3991,476.5858,906.421953,5.29440492391586
-1,NaN,NaN,906.441969,0
1,758.4402,476.2534,906.455937,5.28854411095381
-1,NaN,NaN,906.467951,0
1,767.4792,475.8808,906.489937,5.32956700772047
-1,NaN,NaN,906.501939,0
1,772.9296,474.6359,906.51994,5.33981760963798
-1,NaN,NaN,906.535971,0
1,773.8568,471.0115,906.553945,5.38636092096567
-1,NaN,NaN,906.567943,0
1,759.2424,467.2758,906.585969,5.37365209311247
-1,NaN,NaN,906.601944,0
1,738.1191,464.9548,906.617944,5.35828387364745
-1,NaN,NaN,906.635965,0
1,722.8852,464.3353,906.649948,5.39957452565432
-1,NaN,NaN,906.665947,0
1,710.7405,466.7948,906.684054,5.40365092456341
-1,NaN,NaN,906.697949,0
1,705.8026,468.6933,906.713964,5.41636766865849
-1,NaN,NaN,906.729951,0
1,705.5942,470.2748,906.745963,5.41410455480218
-1,NaN,NaN,906.761953,0
1,705.0874,472.8194,906.777955,5.35185588523746
-1,NaN,NaN,906.793953,0
1,704.472,474.7531,906.811955,5.32871764153242
-1,NaN,NaN,906.825953,0
-1,NaN,NaN,906.844009,0
-1,NaN,NaN,906.859956,0
1,708.2487,474.905,906.875957,5.3734639659524
-1,NaN,NaN,906.891974,0
1,722.2141,469.4513,906.909958,5.51745528355241
-1,NaN,NaN,906.923959,0
1,730.4638,466.1115,906.941976,5.64090861007571
-1,NaN,NaN,906.95596,0
1,741.0314,470.8877,906.973962,5.5181821808219
-1,NaN,NaN,906.990008,0
1,751.6124,483.9034,907.005979,5.41421864181757
-1,NaN,NaN,907.02201,0
1,753.9537,502.3034,907.039994,5.33434096723795
-1,NaN,NaN,907.053997,0
1,761.2698,519.4199,907.069985,5.31826075166464
-1,NaN,NaN,907.087985,0
1,761.8194,523.6473,907.103974,5.36253349855542
-1,NaN,NaN,907.117968,0
1,754.4088,523.0136,907.137987,5.32292714342475
-1,NaN,NaN,907.15197,0
1,741.4238,515.2005,907.167989,5.30574005097151
-1,NaN,NaN,907.186003,0
1,728.426,501.5349,907.199983,5.32055227085948
-1,NaN,NaN,907.215972,0
1,717.3334,486.646,907.235978,5.31964097172022
-1,NaN,NaN,907.24799,0
1,712.6651,472.9755,907.265975,5.36262756213546
-1,NaN,NaN,907.281974,0
1,715.1264,469.9142,907.297975,5.379359703511
-1,NaN,NaN,907.313987,0
1,714.5566,469.1314,907.330012,5.3795101121068
-1,NaN,NaN,907.345978,0
1,712.3664,469.5935,907.363978,5.37219736725092
-1,NaN,NaN,907.377981,0
1,710.2522,470.9873,907.393986,5.39520988240838
-1,NaN,NaN,907.412033,0
1,710.1812,472.8966,907.428007,5.35374181345105
-1,NaN,NaN,907.443986,0
1,709.8565,474.0684,907.46,5.36937545984983
-1,NaN,NaN,907.475991,0
1,710.7368,471.9508,907.491983,5.34549774602056
-1,NaN,NaN,907.510004,0
1,710.2213,468.3776,907.524002,5.26215601712465
-1,NaN,NaN,907.541987,0
1,710.7679,465.0768,907.557989,5.27719128876925
-1,NaN,NaN,907.574,0
1,717.4875,465.3064,907.58999,5.25635946542025
-1,NaN,NaN,907.604001,0
1,724.7701,466.5956,907.621989,5.26615884155035
-1,NaN,NaN,907.640019,0
1,731.9188,466.5786,907.654004,5.30561897903681
-1,NaN,NaN,907.667998,0
1,739.9535,466.9601,907.689994,5.31808426603675
-1,NaN,NaN,907.699994,0
1,747.4595,466.8169,907.719995,5.39763178676367
-1,NaN,NaN,907.736034,0
1,755.131,465.7166,907.751997,5.46996667981148
-1,NaN,NaN,907.765998,0
1,762.5889,463.929,907.78803,5.54358446970582
-1,NaN,NaN,907.798016,0
1,765.8827,461.2204,907.818001,5.51641872152686
-1,NaN,NaN,907.830002,0
1,766.6541,458.7028,907.85,5.51455328240991
-1,NaN,NaN,907.864003,0
1,771.7247,458.2198,907.886022,5.48045011237264
-1,NaN,NaN,907.896004,0
1,776.3884,458.4341,907.916016,5.48056280240417
-1,NaN,NaN,907.928022,0
1,785.9791,459.8667,907.948028,5.4862997494638
-1,NaN,NaN,907.960006,0
1,795.5072,461.7834,907.980019,5.44906035065651
-1,NaN,NaN,907.992024,0
1,804.9879,463.8488,908.01401,5.50187239423394
-1,NaN,NaN,908.024017,0
1,814.6649,466.6483,908.046009,5.46994619071484
-1,NaN,NaN,908.058012,0
1,824.0141,469.5789,908.076011,5.46101527288556
-1,NaN,NaN,908.09001,0
1,833.2968,471.9251,908.110013,5.52021153271198
-1,NaN,NaN,908.122013,0
1,837.4926,473.3661,908.142013,5.48931024968624
-1,NaN,NaN,908.15403,0
1,836.4186,473.1846,908.17403,5.5725397542119
-1,NaN,NaN,908.188025,0
1,835.6235,472.2272,908.206035,5.66044729202986
-1,NaN,NaN,908.220018,0
1,834.697,471.3641,908.240069,5.60996914282441
-1,NaN,NaN,908.25203,0
1,834.2397,470.2968,908.272029,5.65813761204481
-1,NaN,NaN,908.288048,0
1,834.2978,469.39,908.304038,5.63136069104075
-1,NaN,NaN,908.318028,0
1,835.1115,468.4734,908.340035,5.5692233145237
-1,NaN,NaN,908.350041,0
1,836.7921,467.4761,908.370025,5.52737573161721
-1,NaN,NaN,908.382024,0
1,838.9002,466.7629,908.400054,5.59075362980366
-1,NaN,NaN,908.414029,0
1,841.6874,466.4379,908.436032,5.51672093570232
-1,NaN,NaN,908.44605,0
1,844.7703,466.3637,908.468109,5.55593147873878
-1,NaN,NaN,908.480085,0
1,847.8389,466.8509,908.498029,5.56962005794048
-1,NaN,NaN,908.512042,0
1,850.3057,467.0607,908.530071,5.55136939510703
-1,NaN,NaN,908.544032,0
1,843.3062,467.8378,908.564034,5.51723781973124
-1,NaN,NaN,908.580048,0
1,817.1749,471.9189,908.596052,5.41065959259868
-1,NaN,NaN,908.612039,0
1,778.964,477.2003,908.628038,5.30714029446244
-1,NaN,NaN,908.644038,0
1,739.7313,480.306,908.660036,5.20577561110258
-1,NaN,NaN,908.676042,0
1,710.8327,480.9058,908.692038,5.16219530254602
-1,NaN,NaN,908.708058,0
1,711.0834,476.801,908.726041,5.15205226838589
-1,NaN,NaN,908.742041,0
1,710.1386,474.1495,908.758041,5.17073273658752
-1,NaN,NaN,908.774063,0
1,707.164,474.3047,908.792059,5.22976880893111
-1,NaN,NaN,908.806059,0
1,703.2039,475.0303,908.822045,5.23964036256075
-1,NaN,NaN,908.842045,0
1,699.9239,474.4473,908.856047,5.24632353335619
-1,NaN,NaN,908.872056,0
1,698.0249,472.5557,908.892048,5.23698376491666
-1,NaN,NaN,908.90406,0
1,697.3568,471.453,908.920049,5.19134802743793
-1,NaN,NaN,908.938061,0
1,697.8843,471.0735,908.954062,5.17362356185913
-1,NaN,NaN,908.968052,0
1,698.9053,471.1081,908.992071,5.20972395315766
-1,NaN,NaN,909.000082,0
1,700.1349,472.0068,909.018058,5.21507440134883
-1,NaN,NaN,909.034128,0
1,701.6885,471.8989,909.050053,5.21605741232634
-1,NaN,NaN,909.066076,0
1,703.0843,471.3271,909.086058,5.27592608705163
-1,NaN,NaN,909.098075,0
1,704.589,472.3752,909.116075,5.19468635320663
-1,NaN,NaN,909.128059,0
1,705.2436,473.1156,909.148059,5.17569528892636
-1,NaN,NaN,909.16206,0
1,706.729,473.4202,909.182685,5.22121740505099
-1,NaN,NaN,909.195061,0
1,706.9903,474.1403,909.213062,5.15729608014226
-1,NaN,NaN,909.22508,0
1,709.2038,474.6862,909.247082,5.21585578098893
-1,NaN,NaN,909.259065,0
1,713.7784,474.5526,909.279091,5.22851152345538
-1,NaN,NaN,909.293083,0
1,720.1725,474.255,909.311067,5.28814923018217
-1,NaN,NaN,909.323068,0
1,727.2593,474.4687,909.343067,5.31523348763585
-1,NaN,NaN,909.355068,0
1,735.452,474.3257,909.37507,5.31473476439714
-1,NaN,NaN,909.389071,0
1,744.1627,473.9612,909.40709,5.3995493799448
-1,NaN,NaN,909.421084,0
1,752.7697,473.7367,909.443091,5.2901292219758
-1,NaN,NaN,909.453074,0
1,760.5188,472.6303,909.473077,5.29243238270283
-1,NaN,NaN,909.489076,0
1,767.8773,472.0916,909.505075,5.22104185074568
-1,NaN,NaN,909.517076,0
1,775.1321,472.5162,909.541097,5.16525469720364
-1,NaN,NaN,909.549094,0
1,784.6261,471.5865,909.569078,5.19816903397441
-1,NaN,NaN,909.58308,0
1,796.2334,472.792,909.60108,5.19476132467389
-1,NaN,NaN,909.615097,0
1,807.0824,472.8076,909.639106,5.35045191645622
-1,NaN,NaN,909.647096,0
1,817.7584,473.5656,909.667084,5.36345830187202
-1,NaN,NaN,909.681088,0
1,824.0034,473.9654,909.699098,5.37653267383575
-1,NaN,NaN,909.715104,0
1,819.31,475.4147,909.735086,5.25999115779996
-1,NaN,NaN,909.747087,0
1,783.1422,474.4365,909.763101,5.19162509590387
-1,NaN,NaN,909.781094,0
1,744.9281,473.4788,909.797107,5.2375141531229
-1,NaN,NaN,909.813098,0
1,709.572,475.5189,909.83114,5.17046451568604
-1,NaN,NaN,909.845098,0
1,704.7661,476.4453,909.861092,5.21737476810813
-1,NaN,NaN,909.8771,0
1,703.1276,478.2686,909.894098,5.1742042414844
-1,NaN,NaN,909.910094,0
1,702.8967,477.2953,909.926113,5.11275557801127
-1,NaN,NaN,909.94411,0
1,704.0657,474.9952,909.960096,5.13671943917871
1,704.3572,473.8826,909.976127,5.13755949214101
1,705.3054,472.4209,909.994116,5.21624833345413
1,705.5099,471.713,910.008168,5.25160413235426
1,705.9935,471.179,910.022116,5.3435442969203
1,706.1918,471.6152,910.045119,5.3679239936173
1,706.3514,472.2923,910.057118,5.33003220334649
1,706.41,473.0691,910.073102,5.31662348657846
1,706.1989,474.2149,910.091135,5.27902040630579
1,705.3627,475.6308,910.105103,5.2802306599915
1,704.4674,477.2897,910.121122,5.34188747406006
1,703.725,478.2384,910.141105,5.34608541056514
1,703.1028,478.4503,910.155132,5.33699430525303
1,702.4545,478.101,910.169106,5.40603650733829
1,701.2737,477.494,910.191116,5.41235134005547
1,701.5043,475.3047,910.203126,5.44109009206295
1,700.6254,473.0953,910.219107,5.46335335820913
1,702.0593,469.9778,910.239139,5.43138384819031
1,702.5289,467.5793,910.251109,5.38415834307671
1,703.6674,466.3078,910.267122,5.30045805498958
1,704.0511,466.0323,910.289129,5.30585134401917
1,704.3404,466.5197,910.301111,5.32166613265872
1,705.2091,467.3138,910.317113,5.27655193582177
1,705.5812,468.8785,910.335116,5.26647642254829
1,705.2478,472.0964,910.349116,5.21039729937911
1,704.6567,475.2646,910.365153,5.1705464720726
1,703.7292,477.597,910.383119,5.14530250802636
1,703.5145,479.4286,910.397117,5.06861973553896
1,703.5784,480.5397,910.413116,5.04828104749322
1,703.93,481.7901,910.42912,5.04162395372987
1,704.3965,482.733,910.447121,5.05957892164588
1,704.1734,484.0335,910.46112,4.995112773031
1,705.4396,483.3655,910.477138,5.00546023249626
1,704.2715,484.5143,910.495121,5.0008213147521
1,705.8798,482.6875,910.51112,5.00680413097143
1,704.9886,482.1761,910.527121,5.1067816093564
1,705.2957,480.2719,910.545122,5.08724758401513
1,705.2424,478.7892,910.559122,5.05571346729994
1,705.2764,477.4591,910.575141,5.05126593634486
1,706.2424,475.4617,910.595125,5.05779124796391
1,706.3396,474.6429,910.607125,5.01675857231021
1,706.3944,474.3059,910.623125,5.04868850111961
1,706.5575,474.5098,910.643149,5.01086469739676
1,705.8955,475.3242,910.657127,5.00456523150206
1,705.972,475.8846,910.673128,4.98484913259745
-1,NaN,NaN,910.693129,0
1,708.8527,477.2399,910.705129,4.89659374579787
1,711.2426,479.9664,910.72113,4.90583572536707
1,717.7555,479.9362,910.741179,4.94326371699572
1,722.2626,482.6926,910.753133,4.96824271976948
1,728.6202,482.8344,910.77117,5.13443630188704
1,733.5659,483.9906,910.789158,5.13920793309808
1,739.059,485.8718,910.803157,5.08810766041279
1,745.0223,485.8107,910.819136,5.03612961620092
1,747.6976,487.4357,910.839144,5.02204708755016
1,748.6215,486.3003,910.853136,5.01469010487199
1,748.8851,485.7223,910.867165,5.07094105705619
1,749.8745,484.9572,910.887151,5.1138405688107
1,751.0573,483.8588,910.901159,5.09156193584204
1,751.2838,483.6177,910.917138,5.07192546501756
1,752.8823,481.7324,910.937149,4.94138803333044
1,753.1025,480.5143,910.949143,4.93559334427118
1,751.6443,478.3625,910.965157,4.93009528145194
1,747.9659,478.1351,910.981157,4.9612675793469
1,741.8048,476.0274,910.997145,4.95135970413685
1,734.8171,475.6117,911.013144,5.00664068385959
1,727.9221,474.5008,911.029144,5.02716330811381
1,720.0994,473.7105,911.047146,4.98482631519437
1,712.3756,473.3449,911.061145,4.97228419408202
1,702.7933,471.9908,911.079157,5.04555692896247
1,698.1894,470.8183,911.095147,5.03449561074376
1,697.0728,469.9708,911.111156,4.97568352147937
1,696.6658,469.336,911.127149,4.97986655682325
1,695.5075,469.6742,911.14515,5.02124940976501
1,694.3687,469.2386,911.159168,5.04593783989549
1,693.9666,470.4187,911.175164,4.9565602093935
1,694.8555,470.729,911.193152,4.97578596696258
1,693.0416,473.644,911.209182,4.97922487556934
1,697.2861,477.1136,911.225165,4.99897170811892
-1,NaN,NaN,911.239184,0
1,708.9883,478.5096,911.257155,5.02276187762618
-1,NaN,NaN,911.273155,0
1,724.9724,481.4914,911.291169,5.02133788540959
-1,NaN,NaN,911.305158,0
1,749.6279,482.3591,911.321157,5.05903828889132
1,775.0031,482.3594,911.341171,5.12026902288198
1,799.9839,481.3253,911.353163,5.14668319374323
-1,NaN,NaN,911.369171,0
1,824.8126,478.5223,911.389161,5.24945603683591
-1,NaN,NaN,911.401188,0
1,848.1033,477.5302,911.419174,5.16846077516675
1,868.143,472.0091,911.437184,5.26081584393978
1,874.3616,468.7188,911.453164,5.17066800966859
1,873.5908,464.7711,911.469164,5.10441558435559
1,870.7484,462.954,911.487189,5.19297504797578
1,867.8358,461.7142,911.501171,5.20097417756915
1,863.9346,461.9677,911.517166,5.30398869886994
1,863.0146,459.796,911.533168,5.39663387462497
1,860.7009,459.7242,911.551168,5.30563667416573
-1,NaN,NaN,911.563169,0
1,854.6625,460.1306,911.583171,5.21430838853121
1,845.5668,462.634,911.599171,5.17516490072012
1,831.2683,463.9572,911.615188,5.06217172369361
1,815.1055,465.8533,911.629188,5.02222310751677
1,797.355,467.8748,911.647174,5.03718992695212
-1,NaN,NaN,911.661175,0
1,759.5742,475.2655,911.679191,5.01651596277952
-1,NaN,NaN,911.693174,0
1,724.8657,482.8669,911.711177,5.03533380106092
-1,NaN,NaN,911.727176,0
1,715.3176,485.5673,911.745197,5.02078328281641
-1,NaN,NaN,911.759179,0
1,711.5378,486.6961,911.775178,5.04332315176725
1,709.8279,486.0968,911.793191,5.1504853181541
1,709.5484,484.7589,911.80918,5.16566960141063
1,707.2967,484.5887,911.825181,5.17184101045132
1,706.263,483.1861,911.841181,5.28594478964806
1,702.5007,484.2157,911.857185,5.16739441081882
1,701.8038,482.9288,911.873183,5.20920474082232
1,699.7307,482.701,911.891184,5.29563659802079
1,699.9305,481.6857,911.907201,5.24147041141987
1,698.7831,482.0453,911.921185,5.22759323939681
1,697.9178,483.0641,911.941221,5.23781962692738
1,698.7757,482.8194,911.955199,5.31395664438605
1,699.9518,482.6761,911.971188,5.30335772782564
1,699.9351,483.1809,911.989224,5.20428270101547
1,700.647,482.6467,912.005236,5.13475388288498
1,698.5698,484.5134,912.01919,5.1907473243773
1,698.7408,484.6887,912.039229,5.24506764486432
1,698.5817,485.4315,912.053191,5.2096270956099
1,698.4425,486.1838,912.06726,5.28699392452836
1,698.7988,487.0927,912.087209,5.4149441421032
1,699.6456,488.434,912.101246,5.39318099617958
1,700.7216,488.0408,912.117206,5.42244734242558
1,701.2214,487.715,912.135195,5.43281389400363
1,699.451,489.245,912.14921,5.25383278727531
1,700.1332,487.9645,912.165196,5.21750468760729
1,699.5889,490.1229,912.183314,5.17197418957949
1,703.9807,491.8313,912.197196,5.17809577286243
1,710.2776,498.0097,912.215198,5.2004405297339
1,718.5931,504.0611,912.229218,5.23088034242392
1,727.2689,513.7526,912.247199,5.30439056456089
1,737.8751,519.9176,912.263201,5.30977686867118
1,747.2312,525.6088,912.279221,5.37127209827304
1,756.8405,530.3339,912.295228,5.36473467946053
1,763.2903,534.6876,912.313202,5.35936746746302
1,766.9446,534.0687,912.327232,5.30486321076751
1,763.7408,531.377,912.345205,5.24404179304838
1,762.2949,528.088,912.36122,5.22633828222752
1,763.5059,526.0125,912.377218,5.24857034906745
1,762.4678,524.6236,912.393206,5.24180475622416
1,759.6009,524.9816,912.411207,5.25957299396396
1,758.3839,526.0797,912.425235,5.25155896320939
1,759.7433,525.4911,912.447209,5.25022204965353
1,759.4567,525.5042,912.45722,5.26535836979747
1,757.8458,526.5151,912.47521,5.29418420046568
1,757.8432,526.8994,912.493211,5.22507494315505
1,757.6266,527.4393,912.507211,5.14703895896673
1,756.8771,529.2933,912.523213,5.05815073847771
1,757.1079,529.9898,912.543227,5.00034401193261
1,756.0526,533.455,912.555216,5.01612387597561
1,756.521,533.9517,912.571236,5.02141378819942
1,755.7191,535.9473,912.591215,5.03377430140972
1,756.0796,536.2922,912.603216,5.04067586734891
1,756.5908,535.2565,912.621219,4.91242669522762
1,756.9072,534.8954,912.639222,4.98868245631456
1,758.5807,531.7534,912.653219,4.92372084408998
1,757.9387,530.6313,912.66922,4.90378588438034
1,758.7597,528.0878,912.68725,5.0271968357265
1,757.7424,526.4284,912.701221,5.062744487077
1,757.7201,525.004,912.719225,5.10108284652233
1,757.9753,523.261,912.735234,5.0974627956748
1,757.4099,522.6896,912.749234,5.07971923798323
1,756.9142,522.3891,912.767235,5.05216279998422
1,756.4953,521.6811,912.783242,5.01517299562693
1,756.2808,519.3035,912.799224,5.01635018736124
1,753.3707,515.1663,912.815225,4.97120665386319
1,747.7869,511.2498,912.833244,4.94818715378642
1,740.3889,505.5043,912.847228,4.97794803231955
1,731.8136,500.5822,912.863232,5.06116636097431
1,723.9711,495.3875,912.879232,5.10401371866465
1,715.3813,490.2158,912.895228,5.13184908777475
1,706.8943,484.9429,912.91323,5.1221800968051
1,698.5352,481.8074,912.927229,5.04196994006634
1,695.9036,480.1301,912.94523,5.07951714098454
1,694.9207,480.9614,912.961232,5.21541619673371
1,695.8442,479.2558,912.977233,5.17429364845157
1,695.7574,476.8195,912.993233,5.32208383083344
1,700.9431,459.0599,913.009239,5.18918130546808
-1,NaN,NaN,913.025246,0
1,714.9851,400.6359,913.04525,5.13867475092411
-1,NaN,NaN,913.055256,0
1,725.5293,359.0598,913.075281,5.11635979637504
-1,NaN,NaN,913.089238,0
1,736.1404,317.6514,913.10724,5.04224793985486
-1,NaN,NaN,913.119243,0
1,747.0331,277.2658,913.141283,4.98371478170156
-1,NaN,NaN,913.155258,0
1,763.5654,212.4236,913.173244,4.95194969698787
-1,NaN,NaN,913.189244,0
1,769.1222,193.7318,913.203262,4.87470673397183
-1,NaN,NaN,913.219245,0
1,768.4225,198.1072,913.239299,4.86991135403514
-1,NaN,NaN,913.249245,0
1,769.3925,205.1066,913.271252,4.83727641403675
-1,NaN,NaN,913.287281,0
1,769.4629,240.7554,913.301258,4.79506049305201
1,766.4758,273.26,913.319272,4.75161289796233
1,765.312,306.3221,913.337249,4.67913504689932
1,763.655,344.3966,913.349249,4.69286413863301
1,761.9935,383.1306,913.365257,4.69826301559806
1,758.6601,424.7272,913.383274,4.65210899710655
1,753.4656,472.9591,913.399252,4.67845099046826
1,749.3979,499.8279,913.415264,4.72033722326159
1,751.314,499.8612,913.431256,4.73430752754211
1,752.5043,502.3182,913.447267,4.76083857938647
1,752.7635,504.4313,913.463268,4.73850918933749
1,752.7197,508.1684,913.481279,4.72563644871116
1,752.1284,512.3159,913.495262,4.71280608326197
1,752.956,515.0988,913.51327,4.73890639841557
1,753.4885,518.2776,913.52926,4.75158868357539
1,752.6796,521.5086,913.545258,4.71420679241419
1,752.2951,524.2452,913.561259,4.68468246981502
1,752.2546,526.1734,913.577264,4.6787541359663
1,752.6527,526.1996,913.593261,4.63660527020693
1,753.5447,526.1514,913.609279,4.62911371141672
1,754.4523,526.0389,913.627262,4.63027227669954
1,755.262,526.3505,913.643276,4.59721498191357
1,755.869,527.0085,913.657264,4.59659984335303
1,754.4037,528.2609,913.675264,4.5997085981071
1,755.0815,528.4653,913.691264,4.64715203270316
1,752.3295,529.7026,913.707266,4.6920096501708
1,753.6161,529.3076,913.723283,4.69455728307366
1,752.6825,529.6373,913.743286,4.80065494775772
1,753.5503,529.1862,913.755285,4.78385481983423
1,753.5698,528.5828,913.773269,4.74668899551034
1,753.5764,527.7231,913.79327,4.75052697584033
1,755.3138,526.2783,913.805269,4.7622169367969
1,756.4172,525.2487,913.823273,4.74830297753215
1,756.6941,524.0834,913.840289,4.75722039118409
1,756.6207,522.9459,913.854281,4.82627563178539
-1,NaN,NaN,913.866278,0
1,755.751,517.4094,913.890285,4.77906735613942
1,755.6046,510.7647,913.902292,4.78202430531383
1,756.2718,497.9999,913.918299,4.75414004176855
1,756.8722,485.3536,913.938326,4.84585063531995
-1,NaN,NaN,913.950276,0
-1,NaN,NaN,913.964276,0
1,759.3698,458.3926,913.986301,4.83976257964969
1,760.7862,445.4429,913.998279,4.8238355666399
1,762.127,431.9675,914.014296,4.87105874344707
1,763.6238,424.0639,914.036312,4.91920486092567
1,765.6287,421.2827,914.048281,5.01572526991367
1,766.7167,420.4964,914.0643,5.07012521848083
1,767.1338,420.743,914.080285,5.02405362203717
1,766.3618,422.043,914.096293,4.90571884438396
1,767.978,423.1909,914.112303,4.86027123406529
1,766.0952,428.91,914.128293,4.81948535889387
1,766.788,431.1252,914.146287,4.80782333761454
1,765.6486,437.0151,914.160286,4.82712453231215
1,765.9208,439.2483,914.178287,4.81896055862308
1,764.9774,442.7072,914.194288,4.77953953668475
1,765.3824,445.0269,914.210287,4.83208289369941
1,765.662,445.6421,914.226289,4.85791079699993
1,766.3076,444.6142,914.245308,4.85162110999227
1,766.4864,441.683,914.259291,4.75816894322634
1,766.9846,439.1101,914.277311,4.70255501568317
1,766.8748,438.357,914.293293,4.68915514647961
1,766.4962,437.722,914.30731,4.68333950266242
1,768.1579,435.747,914.325297,4.69659687951207
1,769.5856,434.5706,914.343316,4.62614139541984
1,769.1187,434.4462,914.355307,4.63746022433043
1,772.7713,436.0078,914.373303,4.67307958751917
1,777.124,438.9664,914.391298,4.74902940914035
1,785.441,442.2876,914.403298,4.74335812032223
1,796.1225,446.8932,914.421318,4.7777071595192
1,806.8134,452.6439,914.443312,4.781992174685
1,818.7469,457.0234,914.453317,4.80599468573928
-1,NaN,NaN,914.469321,0
-1,NaN,NaN,914.487341,0
1,838.9137,468.1669,914.501313,4.81521710753441
-1,NaN,NaN,914.517303,0
1,845.8185,473.1003,914.539313,4.85931569710374
-1,NaN,NaN,914.549304,0
1,848.2267,474.9181,914.565304,4.88900579512119
-1,NaN,NaN,914.58531,0
1,847.9804,475.3716,914.599307,4.84005315229297
-1,NaN,NaN,914.611306,0
1,846.5425,476.4615,914.635348,4.86917188391089
-1,NaN,NaN,914.645327,0
1,845.2045,477.2087,914.663308,4.8743411898613
1,844.2407,478.0108,914.683321,4.91070048883557
-1,NaN,NaN,914.697329,0
-1,NaN,NaN,914.709327,0
1,845.0619,479.1309,914.729316,4.88560926169157
1,844.5261,480.8759,914.747312,4.87449718639255
1,844.0621,483.0265,914.761329,4.8949895426631
1,844.6907,485.2329,914.779319,4.91331936791539
1,848.6873,487.8415,914.794317,4.97058592736721
1,854.4575,493.1116,914.810342,5.15344645828009
-1,NaN,NaN,914.826335,0
1,898.8843,521.2083,914.846325,5.16289845108986
1,931.9702,544.985,914.860335,5.11971767991781
-1,NaN,NaN,914.876338,0
-1,NaN,NaN,914.894319,0
-1,NaN,NaN,914.908339,0
-1,NaN,NaN,914.92432,0
-1,NaN,NaN,914.942321,0
1,1148.246,714.5156,914.956322,5.10239694267511
-1,NaN,NaN,914.970322,0
-1,NaN,NaN,914.992326,0
-1,NaN,NaN,915.006326,4.41552838310599
-1,NaN,NaN,915.020336,0
1,1074.186,685.3729,915.04433,6.10601203516126
-1,NaN,NaN,915.050328,0
1,1022.826,628.4326,915.080339,4.85707214102149
-1,NaN,NaN,915.088404,0
-1,NaN,NaN,915.100361,0
-1,NaN,NaN,915.116329,0
-1,NaN,NaN,915.134449,0
-1,NaN,NaN,915.154332,0
-1,NaN,NaN,915.164331,0
-1,NaN,NaN,915.184362,0
-1,NaN,NaN,915.198333,0
1,730.4901,411.8337,915.216351,4.92131942883134
1,738.3998,422.5211,915.236353,4.91564767435193
1,779.7308,459.0037,915.248356,4.92449710145593
1,762.496,445.141,915.264336,4.93837660178542
1,733.9737,441.5812,915.280389,4.94970567524433
1,720.2363,474.7868,915.298338,4.97558480128646
1,723.1527,492.9451,915.314339,4.98174084350467
1,725.2627,491.5392,915.328371,4.99055348336697
1,725.8585,491.6199,915.346342,5.00241201370955
1,724.6112,491.8398,915.362357,4.96684340760112
1,722.7574,490.5066,915.378342,4.96002892032266
1,719.4567,489.5662,915.396345,4.95988642796874
1,716.3522,486.7206,915.410344,4.9533792771399
1,712.7702,484.0808,915.426356,4.98418696224689
-1,NaN,NaN,915.44437,0
-1,NaN,NaN,915.458344,0
1,703.138,475.1297,915.474364,4.93224244564772
1,701.619,472.9295,915.494347,4.94610192254186
1,703.3586,471.3346,915.508364,4.97070327401161
1,704.3577,472.0384,915.524348,5.01598138362169
1,704.7822,472.3837,915.544354,5.0699538551271
1,704.7104,472.5184,915.556366,5.1196375861764
1,705.6423,472.3894,915.57237,5.14047779142857
1,705.7581,471.9395,915.594352,5.05900988355279
1,705.6237,472.5411,915.606379,5.07379695773125
1,702.518,473.3323,915.620394,5.08104683831334
1,702.7881,473.766,915.644359,5.08304964751005
1,701.5643,475.8484,915.654375,5.07138529792428
1,702.6929,477.2314,915.670371,5.06569398567081
1,702.8308,480.0242,915.688377,5.07873436436057
1,704.5118,481.8061,915.70236,5.07381651550531
1,706.6801,483.6965,915.718375,5.10312942788005
1,707.8361,484.7764,915.738359,5.09191676974297
1,709.6339,484.9959,915.750359,5.08713582530618
1,709.7828,485.3338,915.768378,5.14266360551119
1,711.2183,483.9003,915.786375,5.11176092550159
1,711.6138,482.9364,915.800361,5.15019102022052
1,711.4351,481.5562,915.816378,5.21769979968667
1,711.39,480.9766,915.834387,5.12817036360502
1,710.5291,481.1414,915.850364,5.15091000124812
1,711.5033,480.5098,915.864378,5.16860047355294
1,710.5695,481.3855,915.880365,5.15332166105509
1,712.3199,480.5136,915.896374,5.21179055795074
1,713.8519,480.64,915.912374,5.23604452610016
1,725.5574,477.1917,915.928367,5.21121546626091
-1,NaN,NaN,915.946368,0
-1,NaN,NaN,915.960387,0
-1,NaN,NaN,915.97637,0
-1,NaN,NaN,915.99437,0
-1,NaN,NaN,916.00837,0
-1,NaN,NaN,916.026389,0
-1,NaN,NaN,916.046373,0
1,815.0521,437.3281,916.060373,5.27634611353278
-1,NaN,NaN,916.076373,0
1,841.8806,430.5046,916.094375,5.24675752967596
-1,NaN,NaN,916.108375,0
1,852.6448,429.0948,916.124393,5.34334639087319
-1,NaN,NaN,916.14238,0
1,823.6572,448.5632,916.156378,5.5700559169054
-1,NaN,NaN,916.172378,0
1,814.974,460.0306,916.19238,5.42281428351998
-1,NaN,NaN,916.20438,0
1,805.1777,474.2467,916.22238,5.25387655943632
-1,NaN,NaN,916.238384,0
1,793.8298,490.4323,916.254413,5.07176574319601
-1,NaN,NaN,916.268381,0
1,780.0365,507.254,916.288413,4.99545130878687
-1,NaN,NaN,916.302385,0
1,769.2419,513.9212,916.318385,4.94900345802307
1,763.4849,517.4031,916.336403,4.93434630334377
-1,NaN,NaN,916.352396,0
-1,NaN,NaN,916.366405,0
1,755.4031,521.9884,916.384488,4.94366558268666
1,752.7682,524.0666,916.400395,4.92990063503385
1,754.1126,524.1839,916.416388,4.93620475754142
-1,NaN,NaN,916.432402,0
-1,NaN,NaN,916.448402,0
-1,NaN,NaN,916.46239,0
1,762.3736,520.7053,916.480414,4.96528437361121
-1,NaN,NaN,916.496392,0
1,773.8377,513.0524,916.51441,5.0019109621644
-1,NaN,NaN,916.526393,0
1,789.1959,503.8615,916.546396,5.05231646820903
-1,NaN,NaN,916.562394,0
1,802.8361,496.6893,916.578402,5.07222395390272
1,816.595,488.5672,916.594397,5.12902624905109
1,829.3329,480.7968,916.610397,5.15477312728763
-1,NaN,NaN,916.626413,0
1,842.8707,471.8077,916.644423,5.20154880359769
-1,NaN,NaN,916.6584,0
1,853.7218,465.1362,916.676579,5.30652841553092
-1,NaN,NaN,916.690416,0
1,858.2672,462.5256,916.708442,5.18778758123517
-1,NaN,NaN,916.722463,0
1,858.5366,460.9258,916.742424,5.19969221204519
-1,NaN,NaN,916.756406,0
1,858.1198,459.8026,916.772408,5.17918821424246
-1,NaN,NaN,916.790406,0
1,857.845,458.9192,916.806443,5.17007242888212
-1,NaN,NaN,916.820418,0
1,856.5125,459.3526,916.842409,5.23604219779372
-1,NaN,NaN,916.854413,0
1,853.1762,462.4874,916.870421,5.19805122166872
-1,NaN,NaN,916.888502,0
1,848.803,467.7281,916.904413,5.20810997113585
-1,NaN,NaN,916.918411,0
1,844.6178,472.1184,916.938422,4.97335381805897
1,842.8132,474.628,916.952417,4.96808113530278
-1,NaN,NaN,916.966415,0
-1,NaN,NaN,916.986416,0
1,840.4156,478.5005,917.002416,5.07657881826162
-1,NaN,NaN,917.016428,0
1,839.6641,480.0321,917.03243,5.03374403342605
-1,NaN,NaN,917.046421,0
1,839.0246,480.9395,917.064423,5.13243675231934
1,839.6781,478.9354,917.082419,5.22392429411411
1,838.9304,478.4817,917.098456,5.13034220784903
1,839.7261,475.458,917.114424,5.16591453924775
1,840.8207,472.8862,917.130421,5.17698377370834
-1,NaN,NaN,917.146437,0
1,841.4441,471.0139,917.164423,5.15700876712799
1,841.8237,469.3923,917.180425,5.16332965344191
-1,NaN,NaN,917.194424,0
-1,NaN,NaN,917.210426,0
1,841.3077,468.8595,917.226426,5.22483000531793
-1,NaN,NaN,917.244442,0
1,840.9516,471.1132,917.260428,5.15477312728763
-1,NaN,NaN,917.276442,0
1,824.1792,472.4659,917.29444,5.14998286962509
1,807.2028,472.7324,917.31043,5.12046040967107
1,790.7214,472.5055,917.32443,5.02210855484009
-1,NaN,NaN,917.344431,0
1,757.5385,473.4013,917.358433,5.05164451897144
-1,NaN,NaN,917.372432,0
1,721.873,475.3001,917.392431,5.00906817615032
-1,NaN,NaN,917.406448,0
1,714.0395,477.8383,917.422451,5.0127930007875
-1,NaN,NaN,917.440435,0
1,716.0433,479.891,917.454438,4.9840435385704
1,717.5984,479.1429,917.470435,5.04614878445864
1,719.5213,477.6967,917.488463,5.05935493856668
1,721.1167,476.4458,917.504439,5.03418128937483
1,722.616,475.3578,917.520437,5.05599612370133
1,723.3879,474.457,917.536441,5.08012250065804
1,723.4817,473.6684,917.552442,5.09616313502193
1,723.1442,471.63,917.568442,5.15919690951705
1,722.1647,470.6114,917.586539,5.15403971076012
1,721.0198,467.9991,917.60046,5.16038853675127
1,718.9316,467.7653,917.616443,5.14040468260646
1,717.3873,466.2397,917.63448,5.14698307961226
1,714.6724,465.5982,917.648443,5.18106855452061
1,713.3381,464.6505,917.666446,5.21619850769639
1,710.4602,464.268,917.684541,5.2088238298893
1,707.315,467.9685,917.698446,5.10053196921945
1,705.274,469.0582,917.714448,5.10948104783893
1,703.1947,472.4935,917.728447,5.11584989726543
1,701.8484,473.0271,917.746465,5.15117775648832
1,703.1909,472.6183,917.76245,5.22337155416608
1,702.3587,473.3221,917.77845,5.22864749655128
1,704.6584,473.4232,917.79445,5.22762630134821
1,703.7028,474.8211,917.812453,5.18520409241319
1,708.4064,472.595,917.828453,5.16726216301322
1,709.4302,471.4919,917.844517,5.16371335834265
1,710.6852,472.711,917.860454,5.1659825257957
1,708.9471,473.9447,917.876473,5.24411955848336
1,709.7755,474.6857,917.892455,5.27371140196919
1,707.9569,475.2918,917.910471,5.3075160831213
1,709.2377,474.3305,917.926456,5.31182903796434
1,707.3708,473.8435,917.942468,5.29366452246904
1,709.1146,471.1044,917.958461,5.30295073986053
1,707.5319,470.2357,917.974501,5.30515098944306
1,709.288,469.764,917.99247,5.31518505886197
1,709.0305,470.3744,918.008485,5.29546523466706
1,710.6533,472.0781,918.024484,5.2308551967144
1,714.4074,473.6732,918.042482,5.21473446860909
1,718.6781,475.6132,918.056484,5.1953662186861
1,725.3698,476.5181,918.071498,5.25873992592096
1,732.3137,477.4352,918.089463,5.40737016126513
1,738.1185,478.4198,918.103464,5.37292985245585
1,744.8436,475.9115,918.119466,5.40489703416824
1,749.4362,473.1944,918.139476,5.39741944521666
1,754.0795,471.3317,918.153467,5.3299805149436
1,755.4664,470.4594,918.169472,5.27580641210079
1,754.935,469.4917,918.187471,5.1984116435051
1,754.4957,469.114,918.201469,5.20089408382773
1,753.8804,470.8632,918.21747,5.1887733861804
1,753.9401,472.4631,918.23747,5.27597451582551
1,754.7234,473.3137,918.249471,5.35034341737628
1,752.8599,473.7902,918.265473,5.24723855778575
1,750.5228,474.305,918.283473,5.25393662974238
1,745.0853,474.1684,918.297473,5.21162990480661
1,736.7635,476.0551,918.315475,5.13315200805664
1,730.7577,476.2646,918.329478,5.11814933270216
1,720.4496,478.6535,918.347476,5.11238351464272
1,713.8809,478.1781,918.36348,5.1014656201005
1,706.1819,477.953,918.379483,5.22438809275627
1,701.4756,477.8348,918.395496,5.24189556017518
1,700.4973,476.1396,918.411481,5.2207806147635
1,697.7523,475.0844,918.42748,5.20124146714807
1,699.6747,471.5514,918.445499,5.20151713863015
1,700.1123,469.5422,918.461481,5.16455946490169
1,700.528,467.846,918.477484,5.20207965746522
1,699.6641,467.1371,918.493501,5.18623972311616
1,698.4209,467.9065,918.509485,5.11227268725634
1,696.6486,469.0224,918.525484,5.12001616880298
1,696.703,470.3434,918.541497,5.07855648174882
1,695.6094,471.4117,918.557485,5.11206313967705
1,697.1503,471.4688,918.573486,5.16307400539517
1,697.0057,471.8531,918.591487,5.17792953178287
1,697.6858,470.8893,918.605488,5.09772589430213
1,698.0975,471.3326,918.623489,5.15158660709858
1,698.6729,472.4534,918.641522,5.07111800834537
1,699.4739,472.2407,918.653503,5.08318468928337
-1,NaN,NaN,918.671491,0
-1,NaN,NaN,918.687503,0
-1,NaN,NaN,918.701507,0
-1,NaN,NaN,918.717494,0
-1,NaN,NaN,918.735512,0
-1,NaN,NaN,918.749505,0
-1,NaN,NaN,918.769513,0
1,700.0207,475.2451,918.785535,5.10483747348189
-1,NaN,NaN,918.79951,0
1,698.8109,477.0653,918.817536,5.0667873583734
1,698.7104,478.2151,918.837501,5.13357669115067
-1,NaN,NaN,918.849498,0
-1,NaN,NaN,918.867501,0
1,701.5454,484.2516,918.885502,5.13557717204094
1,701.6081,484.7571,918.899501,5.1277787424624
1,703.895,485.1495,918.915504,5.17887528985739
1,708.2416,485.5943,918.933508,5.0778747536242
1,712.8656,486.1033,918.947506,5.04894042387605
1,719.0169,487.0845,918.965505,5.06232492625713
1,727.342,487.9023,918.981506,5.06293540820479
1,734.4943,487.3103,918.995506,5.12371631339192
1,741.939,486.8475,919.013514,5.28790475800633
1,746.4976,487.8877,919.029515,5.21061103790998
1,753.8382,487.7672,919.045513,5.24460431188345
1,757.3328,488.8334,919.06151,5.33968769013882
1,759.0155,488.4408,919.077515,5.37551892921329
1,759.331,487.5819,919.09351,5.34476200118661
1,759.6788,485.8872,919.109515,5.3415265865624
-1,NaN,NaN,919.125512,0
1,761.839,483.6773,919.141525,5.31904539093375
1,763.1534,482.5194,919.157513,5.28788799419999
1,769.8175,479.6209,919.175536,5.28239691630006
-1,NaN,NaN,919.189524,0
1,776.2766,478.0309,919.205542,5.2815736271441
-1,NaN,NaN,919.221517,0
1,788.4204,475.2166,919.241517,5.34914340823889
1,801.6811,472.0472,919.255536,5.35812182351947
-1,NaN,NaN,919.27252,0
-1,NaN,NaN,919.28855,0
1,826.3471,467.1241,919.30452,5.29038393869996
1,839.0269,464.6491,919.320537,5.26202889159322
-1,NaN,NaN,919.342521,0
-1,NaN,NaN,919.350521,0
1,856.0939,463.8259,919.368534,5.16958208754659
1,856.0526,463.7916,919.388564,5.2263718098402
1,855.8021,463.3074,919.402541,5.24986535310745
-1,NaN,NaN,919.416524,0
1,854.6788,462.3642,919.436529,5.29266428202391
-1,NaN,NaN,919.448525,0
1,854.4885,461.5316,919.466544,5.32017322257161
-1,NaN,NaN,919.48253,0
1,855.3821,459.8547,919.498528,5.20646711811423
-1,NaN,NaN,919.514547,0
1,853.4368,460.1681,919.532531,5.20866084843874
-1,NaN,NaN,919.546531,0
1,852.8292,459.5873,919.564531,5.22928638383746
-1,NaN,NaN,919.580534,0
1,853.36,458.1281,919.596532,5.22577110677958
1,853.0938,458.5735,919.612552,5.32847968861461
-1,NaN,NaN,919.628542,0
-1,NaN,NaN,919.644541,0
1,851.7636,461.7751,919.660535,5.38245495408773
-1,NaN,NaN,919.676538,0
1,850.3547,464.1021,919.694555,5.34626934677362
-1,NaN,NaN,919.708537,0
1,849.6751,465.3022,919.726539,5.38847129791975
-1,NaN,NaN,919.743556,0
1,848.8273,465.8125,919.75754,5.41216973215342
-1,NaN,NaN,919.773563,0
1,847.6021,466.5036,919.793565,5.32096391543746
-1,NaN,NaN,919.805543,0
1,846.4356,466.541,919.823545,5.37841208279133
-1,NaN,NaN,919.841571,0
1,844.5532,467.6496,919.855562,5.35130966454744
-1,NaN,NaN,919.869561,0
1,843.7224,467.8111,919.891549,5.28973015025258
-1,NaN,NaN,919.903546,0
1,843.6338,467.4884,919.919551,5.31058525666595
-1,NaN,NaN,919.937564,0
1,833.8184,468.2633,919.953566,5.25530660524964
-1,NaN,NaN,919.967549,0
1,805.3655,471.4279,919.989554,5.22625865414739
-1,NaN,NaN,920.00157,0
1,766.9134,476.2753,920.017552,5.21153584122658
-1,NaN,NaN,920.039559,0
1,727.1981,481.6126,920.049557,5.20414020866156
-1,NaN,NaN,920.065568,0
1,695.8521,485.6171,920.085606,5.2131274715066
-1,NaN,NaN,920.099555,0
1,694.0499,487.4598,920.115573,5.22547122091055
1,693.9282,487.4051,920.135557,5.21564902737737
1,694.5739,486.31,920.147558,5.2260966040194
1,695.3085,485.3485,920.163558,5.25084743276238
1,697.4221,483.6585,920.181565,5.20149618387222
1,699.6293,482.3482,920.19756,5.23222144693136
1,702.9063,480.4508,920.213581,5.20847272127867
1,706.0392,478.9792,920.229575,5.26128429919481
1,708.811,477.6031,920.247581,5.1925266161561
1,710.3355,477.6921,920.261563,5.18159521743655
1,711.6949,478.1477,920.279566,5.1658502779901
1,712.9183,478.6529,920.295564,5.15937153249979
1,713.1975,479.1998,920.309583,5.18152955919504
1,712.1821,479.2623,920.327569,5.19503373652697
1,711.4528,479.3668,920.345579,5.25471428409219
1,710.3809,479.4269,920.357566,5.27098402380943
1,709.6995,478.612,920.375574,5.29319327324629
1,709.3432,477.637,920.393571,5.29472110792995
1,709.1859,476.777,920.407617,5.24842413142323
1,709.4949,476.7551,920.42357,5.16836903989315
1,708.6924,478.2959,920.449616,5.04714855924249
1,708.61,478.9077,920.45757,5.02870697528124
1,708.2781,480.9303,920.473573,4.99557098373771
1,708.2148,481.3948,920.493574,5.11283148080111
1,708.5409,481.8727,920.505592,5.10155968368053
1,708.4061,482.4373,920.521574,5.04470430314541
1,707.28,483.8066,920.542578,4.9794209189713
1,706.5634,484.4461,920.554594,4.94579412043095
1,706.2304,484.9612,920.568591,4.96346317231655
1,706.9645,484.548,920.59258,5.00218756496906
1,706.176,485.7325,920.602578,5.01475250348449
1,704.3307,486.7301,920.618579,4.97662601992488
1,703.4284,487.6535,920.636586,5.07524749264121
1,701.9688,488.5515,920.650601,5.07085584104061
1,701.5648,487.0193,920.666599,5.03910472616553
1,701.5233,484.9727,920.688591,4.97669214382768
1,701.2306,483.3612,920.698613,4.9942946061492
1,700.7878,483.0146,920.716582,4.98884217813611
1,700.4152,483.1639,920.735109,5.01993484795094
1,701.0081,482.8797,920.748588,5.03945536911488
1,701.6471,482.8029,920.764598,5.02477819100022
1,701.7692,483.1758,920.784723,5.0498372875154
1,701.8442,483.6217,920.796588,4.98372735455632
1,701.9218,483.5495,920.812587,5.00644976273179
1,701.9342,483.5155,920.830597,4.96905064210296
1,702.035,483.1684,920.846614,4.93506481871009
1,702.3206,482.785,920.860601,4.99823037534952
1,702.8494,482.5558,920.878616,4.97551681473851
1,703.5237,482.3514,920.894594,4.99708671122789
1,705.8472,482.4024,920.910604,4.99859591946006
1,710.2245,481.8372,920.926628,4.97248768806458
1,715.9617,481.7159,920.946595,4.96842293068767
1,723.6211,481.109,920.958595,4.98734135180712
1,731.2,480.8951,920.974595,5.03589911386371
1,738.5073,481.0166,920.994605,5.04359323531389
1,745.583,481.6227,921.006596,5.08014857769012
1,752.483,481.8918,921.022598,5.10695250704885
1,757.9382,481.7771,921.044621,5.12596219778061
1,759.8862,481.9382,921.056598,5.14035485684872
1,759.6982,482.5761,921.072598,5.14008477330208
1,759.5739,483.3196,921.092631,5.11241005733609
1,759.5696,483.8498,921.104601,5.10546425357461
1,759.4735,484.1034,921.120605,5.1155504770577
1,759.3854,483.9271,921.142625,5.16880862414837
1,759.3036,483.6493,921.154621,5.22205606102943
1,759.2294,483.2414,921.170605,5.24285342544317
1,759.3572,482.7175,921.190631,5.19401952624321
-1,NaN,NaN,921.202607,0
1,759.0023,481.9098,921.21863,5.07709058001637
-1,NaN,NaN,921.238615,0
1,757.6157,482.4904,921.252612,5.07785985246301
1,755.7279,484.7949,921.268608,5.02687320113182
1,754.9516,487.6841,921.284726,5.00115286558867
1,753.16,492.0481,921.300611,5.12442225590348
1,751.6647,497.2655,921.316611,5.10479137301445
1,751.3461,501.4885,921.336619,5.10448450222611
1,750.1274,506.053,921.350612,5.09936781600118
1,749.2948,510.7546,921.366616,5.15238894149661
1,747.6743,515.2287,921.382614,5.09818317368627
1,747.0558,518.136,921.398614,5.11303963139653
1,747.4095,518.5143,921.41462,5.15207694843411
1,747.1736,518.7282,921.430618,5.1365178078413
1,748.04,518.9874,921.448621,5.0722504965961
1,748.1522,518.7766,921.462617,5.22189401090145
1,749.8445,518.6587,921.478636,5.16922445967793
-1,NaN,NaN,921.492618,0
1,758.0592,514.8425,921.510639,5.15256775543094
1,764.1611,511.8195,921.526637,5.20235160365701
1,779.2762,504.2888,921.544625,5.25362836197019
-1,NaN,NaN,921.558631,0
1,791.8448,497.7617,921.574627,5.36089390516281
-1,NaN,NaN,921.590636,0
1,806.3055,490.2812,921.608642,5.39428880438209
1,820.0045,482.1724,921.624644,5.39289927110076
-1,NaN,NaN,921.64065,0
-1,NaN,NaN,921.654626,0
1,845.6646,467.3196,921.672645,5.35729574039578
-1,NaN,NaN,921.690631,0
1,851.5414,463.5598,921.704641,5.35697257146239
1,853.597,461.1015,921.720646,5.33401872962713
1,854.549,459.943,921.742632,5.32118370756507
1,855.726,457.3048,921.754631,5.39855007082224
1,855.9222,456.8995,921.770649,5.43308351188898
-1,NaN,NaN,921.784649,0
1,855.9162,456.4928,921.802633,5.40323369204998
-1,NaN,NaN,921.816645,0
1,855.8196,456.5434,921.836659,5.39417937397957
1,856.7053,455.6788,921.852635,5.32529968768358
1,852.2266,456.6435,921.868635,5.24683110415936
1,842.8615,458.3218,921.886638,5.24815591052175
1,828.1038,461.3628,921.900648,5.18032629042864
1,809.7736,463.9846,921.916639,5.19035989418626
1,789.9196,467.7293,921.934642,5.13223791494966
1,771.4961,469.9102,921.950639,5.10934134945273
1,752.2294,472.6204,921.964641,5.07360463961959
1,733.0696,475.5207,921.980641,5.0765248015523
1,718.758,477.6043,921.998644,4.99845761805773
-1,NaN,NaN,922.012642,0
1,711.6586,480.7049,922.030643,5.00833336263895
-1,NaN,NaN,922.046675,0
1,707.6567,483.9911,922.062645,5.00519061461091
-1,NaN,NaN,922.078645,0
1,704.7255,485.1955,922.094665,5.00813545659184
-1,NaN,NaN,922.110648,0
1,702.4663,486.4153,922.126646,5.01713994890451
1,702.4082,486.6192,922.144686,5.01008983701468
1,705.1609,486.537,922.160653,5.05679799243808
1,710.3322,488.2564,922.176649,5.04898419603705
1,716.4328,488.3872,922.192651,5.16885612159967
-1,NaN,NaN,922.206652,0
1,724.9119,489.8094,922.224665,5.19104721024632
-1,NaN,NaN,922.240653,0
1,732.3773,489.4488,922.256653,5.19805494695902
-1,NaN,NaN,922.272653,0
1,740.1382,487.4435,922.290666,5.21978922188282
-1,NaN,NaN,922.304656,0
1,747.9838,485.5695,922.320657,5.19178109243512
-1,NaN,NaN,922.338656,0
1,754.6413,483.623,922.354661,5.16567518934608
1,760.1287,481.0423,922.370659,5.17732463777065
1,760.1163,477.2247,922.388696,5.18987933173776
1,760.2297,473.5695,922.40466,5.25629613548517
1,762.8514,473.166,922.420659,5.08374441415071
1,765.3748,474.7558,922.436694,5.15196891501546
1,773.199,476.3454,922.452673,5.09282806888223
-1,NaN,NaN,922.466663,0
1,781.8088,480.0259,922.486699,5.13788918033242
1,793.5391,481.8898,922.500683,5.25941187515855
1,803.678,484.9206,922.516698,5.08317537605762
1,815.8137,485.5003,922.532667,5.16764260828495
1,827.1511,487.2472,922.550679,5.14072272926569
1,837.5159,486.1174,922.56667,5.19097922369838
1,842.4114,485.8488,922.582704,5.18543412908912
1,845.5399,483.3333,922.598681,5.19495876505971
-1,NaN,NaN,922.612671,0
-1,NaN,NaN,922.628688,0
1,843.1064,485.6233,922.646689,5.18259732052684
-1,NaN,NaN,922.662673,0
1,841.3999,487.8145,922.67871,5.17407851293683
1,839.8172,489.0044,922.694688,5.2095097489655
1,837.9968,490.332,922.712676,5.17561845481396
1,837.8828,491.8677,922.728686,5.1363199017942
1,837.2817,493.8009,922.744674,5.15169277787209
1,839.0772,495.1087,922.760676,5.18642924726009
-1,NaN,NaN,922.774694,0
-1,NaN,NaN,922.790677,0
1,841.4147,494.5375,922.808695,5.22455433383584
1,840.9696,492.2036,922.824678,5.36814611405134
1,840.4203,491.0767,922.84269,5.37422299385071
1,840.2488,486.1442,922.85868,5.39640849456191
1,838.6566,483.0197,922.8747,5.40514755994082
1,837.9409,476.8897,922.892681,5.4059918038547
1,835.7545,473.7272,922.908682,5.40207978338003
1,835.0033,469.8129,922.924683,5.42393699288368
1,830.7607,467.3667,922.942685,5.21437963470817
1,822.9255,467.5972,922.954698,5.13707799836993
1,810.0237,468.2938,922.972687,5.12895453721285
-1,NaN,NaN,922.986704,0
1,778.3799,471.9904,923.002699,5.03703346475959
-1,NaN,NaN,923.020688,0
1,742.8279,475.2432,923.038709,5.03691658377647
-1,NaN,NaN,923.052701,0
1,712.7911,477.1208,923.068697,5.07907383143902
-1,NaN,NaN,923.084709,0
1,704.8696,478.7341,923.100691,5.04467496648431
-1,NaN,NaN,923.116709,0
1,704.8091,481.3548,923.134705,5.02341752871871
-1,NaN,NaN,923.148693,0
1,705.4999,481.6947,923.166716,5.01907197758555
-1,NaN,NaN,923.182697,0
1,706.1619,482.0174,923.19871,5.01381838694215
-1,NaN,NaN,923.214697,0
1,705.5047,482.8671,923.230697,5.00676641240716
-1,NaN,NaN,923.246698,0
1,704.0785,483.7276,923.2647,5.01165306195617
-1,NaN,NaN,923.278698,0
1,702.8137,485.2964,923.296731,4.98988293111324
-1,NaN,NaN,923.310702,0
1,701.6463,487.0031,923.328722,5.00848423689604
-1,NaN,NaN,923.342719,0
1,701.2682,487.4458,923.360704,5.01682749018073
-1,NaN,NaN,923.376704,0
1,699.9781,488.543,923.392704,5.02622872591019
-1,NaN,NaN,923.40873,0
1,699.2628,487.8633,923.426707,5.02947904169559
1,698.721,487.6362,923.442707,5.02615189179778
1,699.4588,487.7179,923.458708,5.02822874113917
-1,NaN,NaN,923.472709,0
1,700.5407,486.5351,923.492709,5.05496608093381
-1,NaN,NaN,923.504727,0
1,701.355,485.7478,923.522711,5.07680187001824
-1,NaN,NaN,923.540712,0
1,702.6647,485.4358,923.554712,4.99542150646448
-1,NaN,NaN,923.57073,0
1,702.1788,486.8326,923.590714,5.01256762072444
1,702.9103,487.515,923.604731,5.00015588477254
1,706.2474,489.7635,923.620716,4.98745124787092
1,710.4288,493.2902,923.640716,5.01772109419107
1,716.9094,498.1728,923.652718,4.97471820563078
1,723.7721,504.2456,923.669734,5.03512239083648
1,730.9117,509.2667,923.687751,5.0401440821588
1,737.6887,514.5909,923.701738,5.04794670268893
1,744.4346,520.1348,923.717721,5.05937961861491
1,750.2106,526.4963,923.739737,5.06438268348575
1,754.0547,529.8322,923.749737,5.0596846267581
1,755.2183,529.1141,923.765757,5.04949316382408
1,754.8226,528.267,923.785725,5.00397337600589
1,754.0945,527.8934,923.799722,5.00321574509144
1,753.5336,527.4847,923.815762,4.93841664865613
1,753.0732,526.7983,923.831727,4.98659955337644
1,752.5692,526.7275,923.847736,5.01263653859496
-1,NaN,NaN,923.861725,0
1,751.3962,526.5313,923.879793,5.04812644794583
1,750.8102,526.4308,923.895726,5.08119910955429
1,751.7155,525.5439,923.913823,5.07601164281368
1,752.6145,524.6908,923.929731,5.09897153824568
1,753.7859,523.6911,923.945739,5.06757106631994
1,755.0419,522.6756,923.961744,5.04585355520248
1,756.1329,522.0414,923.977732,5.01670548692346
1,757.8813,521.2357,923.993745,5.02891279757023
1,757.826,521.1879,924.009744,5.04957651719451
1,756.4503,519.3985,924.025745,5.10381907224655
1,750.7659,517.2435,924.048734,4.99936519190669
-1,NaN,NaN,924.056734,0
1,737.1622,507.3834,924.076737,5.0161057151854
-1,NaN,NaN,924.092755,0
1,721.9735,496.7429,924.106757,4.89899702370167
-1,NaN,NaN,924.122753,0
1,707.6609,485.7062,924.144774,4.92591224610806
-1,NaN,NaN,924.154739,0
1,702.1089,479.343,924.172752,4.95570944622159
-1,NaN,NaN,924.190759,0
1,702.1057,480.271,924.204743,4.92309825494885
-1,NaN,NaN,924.218761,0
1,702.1633,480.0435,924.239751,4.99643152579665
-1,NaN,NaN,924.251743,0
1,698.9642,479.3639,924.267769,4.96693374589086
1,704.0452,483.9346,924.289755,4.95641166344285
-1,NaN,NaN,924.301762,0
-1,NaN,NaN,924.317747,0
1,741.6077,504.4706,924.339752,5.05198678001761
-1,NaN,NaN,924.349759,0
1,776.9688,520.9178,924.36575,4.92301676422358
1,795.1582,529.6164,924.385767,4.84025152400136
1,815.8218,538.8434,924.39975,4.77529689669609
-1,NaN,NaN,924.415769,0
1,833.218,546.3799,924.431756,4.71711391583085
-1,NaN,NaN,924.447753,0
1,834.5961,545.0569,924.463783,4.79286769405007
1,834.8417,545.1014,924.479761,4.83397673815489
1,836.0025,544.6003,924.495773,4.83728479593992
1,836.0807,544.622,924.511754,4.89094248041511
1,836.0452,544.3209,924.531757,4.86844591796398
1,836.7485,544.1464,924.545758,4.85343439504504
1,834.6857,545.4132,924.561774,4.80399234220386
-1,NaN,NaN,924.577774,0
1,824.2708,546.4818,924.593797,4.79840068146586
1,814.1663,547.6724,924.60978,4.76749474182725
1,805.6421,547.3879,924.625789,4.84113581478596
1,795.8033,547.9214,924.643794,4.81375819072127
1,786.5853,547.5065,924.65779,4.81147039681673
1,777.0431,547.0693,924.6758,4.82898764312267
1,770.4103,545.527,924.695784,4.80424333363771
1,769.4321,543.801,924.7058,4.72867535427213
1,769.9614,544.2065,924.723763,4.68244543299079
1,770.6171,544.5703,924.745784,4.6620829962194
1,770.9489,544.7017,924.755786,4.67030238360167
1,770.8175,545.2954,924.771768,4.74730785936117
1,771.0129,545.5865,924.791792,4.82525862753391
1,770.5895,545.0287,924.803784,4.92610083892941
1,765.4561,542.929,924.819815,4.87920269370079
1,758.0189,541.1109,924.843773,4.8708226531744
1,746.8704,537.3483,924.853772,4.87682828679681
1,734.1267,534.2338,924.867771,4.93522314354777
1,723.0082,530.341,924.889775,4.86235367134213
-1,NaN,NaN,924.901793,0
1,699.3885,523.9905,924.917774,4.92556672543287
-1,NaN,NaN,924.937775,0
1,679.5082,522.1935,924.951795,4.93458984419703
-1,NaN,NaN,924.965789,0
1,677.4953,521.4835,924.985787,4.84855799004436
-1,NaN,NaN,924.997778,0
1,674.554,521.8525,925.013807,4.90174349397421
-1,NaN,NaN,925.031782,0
1,673.8998,521.0042,925.047788,4.92739351466298
-1,NaN,NaN,925.061779,0
1,674.2769,520.6173,925.080791,4.89572575315833
-1,NaN,NaN,925.096781,0
1,675.1569,519.4031,925.112781,4.89639025181532
-1,NaN,NaN,925.128806,0
1,676.259,518.6312,925.146786,4.86094923689961
-1,NaN,NaN,925.160783,0
1,677.2266,519.6424,925.178828,4.86699398607016
-1,NaN,NaN,925.194787,0
1,678.3475,522.2291,925.210803,4.90267295390368
-1,NaN,NaN,925.224787,0
1,679.2535,524.2761,925.24679,4.92717744782567
-1,NaN,NaN,925.256789,0
1,679.5454,524.4624,925.274789,4.92738233879209
-1,NaN,NaN,925.29479,0
1,681.9583,523.2398,925.308809,4.93984343484044
-1,NaN,NaN,925.320792,0
1,662.3683,515.5836,925.346794,4.94725117459893
-1,NaN,NaN,925.356815,0
1,604.7391,491.4045,925.372795,4.94249211624265
-1,NaN,NaN,925.388814,0
-1,NaN,NaN,925.402797,0
-1,NaN,NaN,925.418796,0
-1,NaN,NaN,925.4388,0
-1,NaN,NaN,925.450799,0
-1,NaN,NaN,925.466809,0
-1,NaN,NaN,925.486803,0
-1,NaN,NaN,925.500801,0
-1,NaN,NaN,925.514802,0
-1,NaN,NaN,925.530814,0
-1,NaN,NaN,925.548805,0
-1,NaN,NaN,925.562802,0
-1,NaN,NaN,925.580806,0
-1,NaN,NaN,925.596805,0
-1,NaN,NaN,925.612804,0
-1,NaN,NaN,925.628824,0
-1,NaN,NaN,925.646808,0
-1,NaN,NaN,925.660807,0
-1,NaN,NaN,925.676808,0
-1,NaN,NaN,925.69281,0
-1,NaN,NaN,925.708809,0
-1,NaN,NaN,925.72481,0
-1,NaN,NaN,925.744811,0
-1,NaN,NaN,925.758811,0
-1,NaN,NaN,925.77483,0
-1,NaN,NaN,925.792815,0
-1,NaN,NaN,925.806813,0
-1,NaN,NaN,925.82283,0
-1,NaN,NaN,925.840816,0
-1,NaN,NaN,925.854818,0
-1,NaN,NaN,925.872816,0
-1,NaN,NaN,925.89082,0
-1,NaN,NaN,925.904819,0
-1,NaN,NaN,925.920838,0
-1,NaN,NaN,925.940822,0
-1,NaN,NaN,925.952822,0
-1,NaN,NaN,925.968822,0
-1,NaN,NaN,925.986842,0
-1,NaN,NaN,926.000824,0
-1,NaN,NaN,926.016824,0
-1,NaN,NaN,926.036837,0
-1,NaN,NaN,926.050825,0
-1,NaN,NaN,926.066837,0
-1,NaN,NaN,926.084828,0
-1,NaN,NaN,926.098828,0
-1,NaN,NaN,926.116828,0
-1,NaN,NaN,926.130831,0
1,544.9119,468.3566,926.148848,4.45900578051806
-1,NaN,NaN,926.164831,0
1,472.2155,434.468,926.182882,4.67799138277769
-1,NaN,NaN,926.198838,0
1,428.8567,408.5706,926.214851,4.53732255846262
-1,NaN,NaN,926.228851,0
1,431.8218,413.0778,926.248881,4.45367675274611
-1,NaN,NaN,926.264835,0
1,478.1473,428.0415,926.28088,4.41562430933118
-1,NaN,NaN,926.298836,0
1,557.3832,457.3129,926.312867,3.81764187477529
-1,NaN,NaN,926.328853,0
1,612.0157,481.9539,926.348848,4.29342687129974
-1,NaN,NaN,926.360843,0
1,675.4084,503.4999,926.378861,4.37099300324917
-1,NaN,NaN,926.392853,0
1,694.9194,505.5809,926.410843,4.41972585394979
-1,NaN,NaN,926.426843,0
1,697.7285,502.0775,926.446844,4.42935153841972
1,697.6712,495.8388,926.458845,4.29379707202315
1,695.0052,489.0033,926.476844,4.34935046359897
1,694.1633,483.5311,926.494847,4.27939556539059
1,694.3229,477.1364,926.508845,4.36495384201407
1,694.4476,470.8684,926.524847,4.46928292512894
1,694.0829,464.7158,926.542867,4.47546085342765
1,694.0698,463.1579,926.556849,4.51280828565359
1,695.6404,464.1978,926.572848,4.55430196598172
1,697.8093,468.4139,926.590861,4.49730083346367
1,699.9688,469.4512,926.606851,4.53877309337258
-1,NaN,NaN,926.620875,0
1,701.2484,470.1769,926.638876,4.54803742468357
1,699.5355,470.658,926.654852,4.54374682158232
1,700.3956,470.2794,926.670854,4.67375898733735
1,699.2917,469.9296,926.688902,4.68425918370485
1,699.0564,468.9798,926.702872,4.67198714613914
-1,NaN,NaN,926.718873,0
1,700.5807,466.6264,926.736858,4.61085233837366
-1,NaN,NaN,926.750857,0
1,699.7349,468.5294,926.768892,4.56028524786234
-1,NaN,NaN,926.782877,0
1,700.5344,470.3542,926.80086,4.50663501396775
-1,NaN,NaN,926.814859,0
1,700.7872,472.124,926.834876,4.49727103114128
-1,NaN,NaN,926.846881,0
1,700.986,471.9158,926.864872,4.5226882211864
-1,NaN,NaN,926.880869,0
1,701.5721,471.5744,926.896864,4.55286633223295
1,702.3365,471.3199,926.912882,4.58668963983655
-1,NaN,NaN,926.928883,0
1,704.2605,470.3179,926.944883,4.6352013014257
-1,NaN,NaN,926.960867,0
-1,NaN,NaN,926.974883,0
-1,NaN,NaN,926.992867,0
