Display,X Pos,Y Pos,Start Time (secs),Pupil Diameter
1,911.7667,194.7224,1023.012305,4.73306933417916
1,912.588,191.2203,1023.032307,4.70895227044821
1,913.8467,185.8344,1023.042308,4.73537528887391
1,913.2651,181.8134,1023.058307,4.72537567839026
1,914.869,175.5015,1023.080311,4.75837383419275
1,914.1586,169.8388,1023.09231,4.84305806457996
1,914.8987,165.7027,1023.108344,4.88118082284927
1,915.3369,162.5076,1023.130312,4.85433172434568
1,915.4788,159.5949,1023.140312,4.80597419664264
1,915.8416,156.7782,1023.156312,4.79401415213943
1,916.4358,153.2702,1023.180319,4.75615402683616
1,918.0919,150.534,1023.190313,4.73640253767371
1,919.5711,148.7817,1023.206331,4.79916809126735
1,919.8688,148.2511,1023.229346,4.73016360774636
1,920.936,146.9011,1023.239334,4.70250658690929
1,922.0963,146.3367,1023.255329,4.62324311956763
1,922.9024,145.7647,1023.275355,4.5743933878839
1,924.303,144.5835,1023.28935,4.56949649378657
1,925.768,142.8797,1023.303336,4.57691121846437
1,927.5776,140.6237,1023.321465,4.56528877839446
1,929.4147,138.633,1023.337323,4.59244847297668
1,930.8459,138.4096,1023.351337,4.59967646747828
1,931.9896,138.6531,1023.369332,4.60811518132687
1,932.5979,139.6467,1023.385324,4.61781164631248
1,932.868,139.7002,1023.399323,4.60749585181475
1,932.6063,139.9947,1023.415328,4.58465283736587
1,932.0585,140.7258,1023.433325,4.63643670082092
1,931.4694,140.8606,1023.449349,4.65252483263612
1,930.7221,141.0877,1023.465325,4.67465119436383
1,930.3096,140.5343,1023.483355,4.72787348553538
1,929.8999,140.2342,1023.497346,4.70759999006987
1,929.5527,145.6392,1023.513361,4.73081087693572
1,927.6714,153.935,1023.531331,4.66251093894243
1,926.877,166.9071,1023.547364,4.63088043034077
1,924.5969,181.4921,1023.563347,4.55835182219744
1,923.4445,194.6107,1023.581355,4.59848204627633
1,922.1613,206.7874,1023.595349,4.58565587177873
1,920.6323,218.9543,1023.611371,4.59684571251273
1,919.0938,228.9898,1023.633334,4.59738448262215
1,917.2404,236.6133,1023.643335,4.60722995921969
1,916.0579,235.1794,1023.661352,4.61342884227633
1,916.0448,235.5473,1023.681371,4.63949237018824
1,912.5737,239.1069,1023.693339,4.61443327367306
1,910.3607,242.2775,1023.709354,4.62666712701321
1,907.217,247.5249,1023.72937,4.67610917985439
1,904.2026,253.313,1023.741338,4.66026226058602
1,902.826,256.5195,1023.757349,4.73052635788918
1,901.3639,260.3701,1023.777355,4.74016694352031
1,903.2956,255.6069,1023.791342,4.71174204722047
1,906.8659,242.2424,1023.807354,4.72591863945127
1,909.5281,226.2543,1023.827375,4.75420150905848
1,912.1153,204.3315,1023.841343,4.7663664445281
1,916.4083,178.3827,1023.855354,4.84014907851815
1,915.8109,159.9742,1023.87535,4.88229980692267
1,917.7444,141.4681,1023.889346,4.90628462284803
1,915.4402,128.8468,1023.903362,4.93665691465139
1,916.5014,110.999,1023.921346,5.02142123878002
1,914.8594,104.9039,1023.935346,5.01827290281653
1,912.9484,107.9034,1023.951349,4.9940450116992
1,913.5045,110.5674,1023.96935,4.8986547626555
1,916.2827,106.5447,1023.985371,4.92391595616937
1,916.7017,106.2938,1023.999349,4.92641655728221
1,918.1533,100.9633,1024.01535,4.95709013193846
1,919.9651,100.8959,1024.033353,5.01719396561384
1,921.3646,96.45114,1024.049353,5.01341139897704
1,922.8593,98.41982,1024.065364,5.06025971844792
1,923.95,97.4371,1024.083356,5.06005203351378
1,926.5477,92.57036,1024.097357,4.96647832915187
1,928.7545,88.56249,1024.115355,5.0044571980834
1,929.8103,88.28624,1024.133357,4.88282227888703
1,932.236,87.8203,1024.147357,4.87852422520518
1,934.063,85.16557,1024.165357,4.95486846193671
1,934.9415,81.78703,1024.181359,4.94021736085415
1,935.7196,81.8161,1024.195358,5.04903262481093
1,936.3452,82.20652,1024.213359,5.06336940452456
1,936.3987,83.15297,1024.229373,5.09638898074627
1,935.8515,85.73817,1024.245361,5.10926404967904
1,934.781,87.94819,1024.259362,5.10483747348189
1,933.8005,87.86485,1024.279383,5.10385632514954
1,932.9891,87.82524,1024.293363,5.10435318574309
1,930.6943,87.96944,1024.309363,5.08773885667324
1,928.2671,89.08769,1024.327392,5.08760381489992
1,926.4872,89.78815,1024.343366,5.11398911476135
1,924.0988,91.71971,1024.357367,5.14130806550384
1,923.8987,93.1356,1024.377405,5.17049664631486
1,923.2424,96.22303,1024.391377,5.14530669897795
1,922.6515,100.0527,1024.407368,5.18082361668348
1,922.302,104.3988,1024.433406,5.17841847613454
1,924.3209,107.025,1024.44137,5.18031045794487
1,928.4723,108.9879,1024.455382,5.23497583344579
1,931.582,111.5974,1024.473373,5.11088687926531
1,933.3388,115.5719,1024.489377,5.10163046419621
1,936.259,116.8542,1024.503374,5.10163838043809
1,939.3904,119.3059,1024.521395,5.08413044735789
1,941.8955,119.987,1024.537375,5.06269838660955
1,943.6234,121.1087,1024.553393,5.06054004654288
1,944.7917,122.5269,1024.569398,5.05039934068918
1,944.6544,123.1989,1024.585387,5.06421318277717
1,943.748,124.2342,1024.601378,5.13780023902655
1,941.7771,123.588,1024.617389,5.18623506650329
1,939.6866,123.6634,1024.635396,5.21131698042154
1,937.6968,125.0822,1024.651381,5.19837811589241
1,935.4479,125.4146,1024.667402,5.20780449733138
1,933.8243,125.8852,1024.683381,5.21175377070904
1,931.1633,125.3062,1024.697382,5.21361455321312
1,931.5835,125.0356,1024.715384,5.22693572565913
1,930.3547,124.8241,1024.733383,5.19849546253681
1,931.2907,125.4828,1024.747384,5.16268564388156
1,931.661,127.3064,1024.763385,5.15055609866977
1,931.8985,128.1853,1024.781402,5.14106033369899
1,932.152,129.4459,1024.797392,5.15004806220531
1,931.9774,131.0947,1024.813386,5.19627891480923
1,933.575,134.2522,1024.829387,5.21637871861458
1,934.471,137.1198,1024.845388,5.20061561837792
1,933.5922,138.3642,1024.863421,5.19391661509871
1,933.5211,139.983,1024.87939,5.1539302803576
1,925.7961,149.614,1024.897394,5.1506687887013
-1,NaN,NaN,1024.905391,0
1,915.9152,162.5023,1024.931412,5.15623670071363
1,898.2919,192.7018,1024.941405,5.19045488908887
1,876.1386,227.2692,1024.959409,5.32408291473985
1,854.3753,271.8141,1024.97541,5.31606748700142
1,828.7612,319.5412,1024.991399,5.30297588557005
1,803.3984,369.4882,1025.007404,5.25928242132068
1,775.0896,420.9518,1025.025413,5.30906952917576
1,756.2205,461.8318,1025.037409,5.23334974423051
1,749.9867,487.0364,1025.055402,5.24143315851688
1,748.3781,497.5719,1025.073411,5.24764414876699
1,749.2722,496.924,1025.087399,5.27329044416547
1,749.1383,496.7846,1025.103399,5.32700354233384
1,744.6613,496.3937,1025.123403,5.38570526987314
1,742.6744,494.61,1025.135401,5.4069091565907
1,736.4208,493.5806,1025.153401,5.31743187457323
1,732.4727,491.8296,1025.169422,5.31989894807339
1,726.5998,490.6241,1025.185403,5.31081296503544
1,720.8306,489.6807,1025.203415,5.26657281443477
1,714.9816,488.5958,1025.217412,5.26876049116254
1,709.382,487.8981,1025.233406,5.27617987245321
1,707.7101,487.7388,1025.249407,5.22960256785154
1,707.5731,488.3417,1025.265408,5.23783639073372
1,706.5106,488.9276,1025.281408,5.12608932331204
1,706.9498,488.1872,1025.299409,5.14499004930258
1,706.0346,487.806,1025.315409,5.07288705557585
1,713.7671,476.1567,1025.331411,5.04141999408603
1,724.5872,457.2145,1025.347431,5.04129426553845
-1,NaN,NaN,1025.361412,0
-1,NaN,NaN,1025.383413,0
-1,NaN,NaN,1025.393424,0
-1,NaN,NaN,1025.421416,0
1,842.5568,265.9201,1025.435415,5.01577137038112
1,879.1029,214.1526,1025.445436,5.04194758832455
1,915.9399,163.7448,1025.463417,4.9324668943882
1,944.8868,121.4011,1025.479434,4.7581885010004
1,971.3738,90.07039,1025.495417,4.68935770913959
1,987.6945,74.96116,1025.511419,4.67346934601665
1,990.313,91.5737,1025.52942,4.68058325350285
1,982.2458,117.4923,1025.54342,4.75472584366798
1,975.7359,129.4066,1025.559422,4.7470536082983
1,974.4562,143.2619,1025.579439,4.75106667727232
1,973.263,155.1728,1025.589422,4.75422665476799
1,969.6793,162.0014,1025.608459,4.7702519223094
1,968.2574,161.7109,1025.62446,4.80568176135421
1,965.5282,159.5798,1025.638441,4.81638824567199
1,965.1416,155.9223,1025.656444,4.82173589989543
1,961.9736,154.4615,1025.674427,4.74474113434553
1,960.6592,151.9883,1025.688445,4.74893162027001
1,958.7186,150.8959,1025.706427,4.73741441965103
1,956.7662,148.1476,1025.724447,4.71659610047936
1,954.4622,146.6359,1025.736446,4.73860232159495
1,951.5653,145.7191,1025.754431,4.71964944154024
1,949.7327,146.1366,1025.771432,4.67725424095988
1,947.5204,146.6957,1025.785443,4.67990711331367
1,944.5541,146.0471,1025.801434,4.6541653573513
1,942.4883,146.4539,1025.823434,4.63076680898666
1,940.6509,147.8341,1025.835451,4.65096859261394
1,939.2332,150.1273,1025.851451,4.63449489325285
1,938.6213,152.0754,1025.867436,4.69090649858117
1,938.8176,154.5158,1025.883436,4.74921753630042
1,939.0753,156.8885,1025.899435,4.8001972027123
1,939.652,158.5275,1025.917438,4.79491706937552
1,940.2275,159.8162,1025.933455,4.79168863967061
1,940.836,160.307,1025.947456,4.75795334205031
1,941.4357,160.2828,1025.965444,4.72539942711592
1,941.762,160.1976,1025.98044,4.73209889605641
1,941.8642,160.5927,1025.996439,4.71292110159993
1,941.9725,161.1751,1026.014443,4.7131865285337
1,941.983,161.9992,1026.030442,4.72090905532241
1,941.9521,162.5751,1026.044444,4.76131960749626
1,941.7531,162.7748,1026.062443,4.72466228529811
1,941.406,162.801,1026.080444,4.74746990948915
1,941.0759,162.8502,1026.094446,4.77250292897224
1,940.6701,163.5383,1026.110449,4.76369354873896
1,940.25,164.7691,1026.131447,4.82342578470707
1,939.7558,166.2945,1026.141447,4.82352776452899
1,939.4153,168.1532,1026.159449,4.76894760504365
1,939.1216,169.9724,1026.179469,4.84157307073474
1,939.0238,171.7268,1026.191449,4.85060270875692
1,938.2687,173.7885,1026.207455,4.9520474858582
1,937.6058,174.9535,1026.22945,4.9574663862586
1,934.6968,178.804,1026.23945,4.97576594352722
1,933.2125,180.4091,1026.257453,4.99459309503436
1,928.892,184.8974,1026.274495,5.00844838097692
1,927.1176,186.6756,1026.290468,5.02722850069404
1,923.7287,188.1178,1026.304454,5.10287471115589
1,922.0418,188.5853,1026.324481,5.11288037523627
1,920.3053,188.968,1026.338472,5.10698743164539
1,919.0199,189.6759,1026.354484,5.07747009396553
1,919.1917,188.4192,1026.374208,5.0852014683187
1,919.4629,186.9587,1026.387469,5.09581202641129
1,918.5514,188.7458,1026.403458,5.0165019929409
1,919.2273,188.5575,1026.419462,5.0088525749743
1,917.5429,193.2061,1026.43546,5.03404811024666
1,918.4005,195.0555,1026.451478,5.05753047764301
1,918.5944,198.6536,1026.467467,5.12599525973201
1,919.2355,200.585,1026.483464,5.13831246644259
1,920.1082,202.0389,1026.499463,5.16481697559357
1,921.1031,203.743,1026.517477,5.16029167920351
1,922.1293,204.1149,1026.533481,5.0991652533412
1,923.3524,203.0652,1026.547475,5.15008717775345
1,920.9217,204.8685,1026.56547,5.05673745647073
1,918.5857,207.6052,1026.583467,5.00455358996987
1,909.8229,218.0575,1026.597468,4.98281372711062
1,895.9929,235.833,1026.61347,5.00765768811107
1,877.0307,263.9601,1026.633469,5.08182542398572
1,851.3217,296.9084,1026.64747,5.20655047148466
1,828.3873,333.5872,1026.661484,5.27666136622429
1,801.0448,371.5833,1026.680499,5.20326010882854
1,775.1842,411.7996,1026.694472,5.12729492038488
1,750.0875,448.9756,1026.710521,5.13000041246414
1,732.3745,476.4146,1026.728498,5.11630810797215
1,725.2737,491.8286,1026.742491,5.11543266475201
1,723.0013,496.2679,1026.758475,5.10975113138556
1,722.9048,496.1617,1026.780508,5.09630842134357
1,722.9059,497.0966,1026.790494,5.11798355728388
1,721.3414,497.5247,1026.806528,5.15060406178236
1,721.2517,497.1168,1026.82848,5.1574488170445
1,719.1664,495.8158,1026.840532,5.162397865206
1,717.3796,494.7941,1026.854478,5.13469101861119
1,714.6263,493.5561,1026.877486,5.06676081568003
1,712.2222,492.6106,1026.889502,5.05822105333209
1,709.5701,491.9251,1026.905482,4.99498238787055
1,707.0421,491.0329,1026.925483,4.98837791383266
1,705.0943,490.5015,1026.9375,4.98407520353794
1,703.5226,490.0869,1026.953504,4.94040548801422
1,702.681,489.8702,1026.974486,4.9668806605041
1,702.4859,489.8187,1026.986518,4.97227627784014
1,702.4294,489.1161,1027.002501,5.00166695564985
1,702.3654,488.3396,1027.024056,5.03827724605799
1,702.3379,487.3512,1027.035488,5.03886118531227
1,702.3831,486.2365,1027.051499,5.02005917951465
1,702.5391,485.4469,1027.067493,4.9909264780581
1,702.8074,484.5425,1027.085491,4.92771156132221
1,703.0222,484.0236,1027.099491,4.85055381432176
1,703.2152,483.7027,1027.117498,4.82622953131795
1,703.206,483.7211,1027.133493,4.8269359394908
1,703.2674,484.0433,1027.149492,4.81481524184346
1,703.3819,484.2792,1027.163511,4.84471675008535
1,703.3915,484.6279,1027.183494,4.83070639893413
1,703.3137,485.0002,1027.197512,4.80586104094982
1,703.0635,485.4401,1027.213562,4.79621067643166
1,702.8659,485.7793,1027.231497,4.81667183339596
1,709.8397,479.3154,1027.245496,4.8415120691061
1,715.1166,473.8428,1027.261513,4.77261422201991
-1,NaN,NaN,1027.279498,0
-1,NaN,NaN,1027.293499,0
-1,NaN,NaN,1027.3095,0
-1,NaN,NaN,1027.331501,0
1,747.0074,433.194,1027.34352,4.77635348215699
1,773.0724,401.7669,1027.361501,4.68920217826962
1,815.8907,346.3978,1027.379504,4.63814893737435
1,853.9366,301.8407,1027.393515,4.59236931055784
1,890.009,259.7765,1027.409504,4.5539946295321
1,924.2155,221.8284,1027.429526,4.51578246429563
1,951.1736,191.0784,1027.441523,4.50640032067895
1,973.2121,165.4863,1027.457539,4.50729532167315
1,982.8968,161.455,1027.477521,4.51818061992526
1,980.6334,173.526,1027.489557,4.53606294468045
1,979.9747,179.7839,1027.505525,4.53830184414983
1,978.5179,183.9412,1027.526561,4.52526565641165
1,976.5607,186.1854,1027.538542,4.53357212245464
1,973.4514,190.2068,1027.554529,4.50962549075484
1,970.0576,192.3835,1027.576681,4.48225438594818
1,965.7725,195.0166,1027.586513,4.46899561211467
1,961.6553,196.9695,1027.602525,4.42590052261949
1,957.9951,198.2355,1027.620516,4.43355925381184
1,954.7272,199.7268,1027.634515,4.45665000006557
1,952.501,200.8372,1027.650515,4.4150510802865
1,951.3483,201.5882,1027.668517,4.41931281238794
1,951.1918,201.7893,1027.684517,4.41428180783987
1,951.7247,201.7201,1027.700518,4.40873112529516
1,951.93,202.2969,1027.71653,4.46517486125231
1,951.9661,203.046,1027.734521,4.47357818484306
1,951.8834,204.0421,1027.748538,4.40913159400225
1,951.5131,205.3681,1027.76452,4.41119354218245
1,951.3186,206.8654,1027.782525,4.38292371109128
1,951.0953,208.1252,1027.796526,4.37606079503894
1,950.8655,209.1197,1027.812545,4.41309064626694
1,950.7005,209.8541,1027.83053,4.42545581609011
1,950.4188,210.284,1027.846536,4.42965188995004
1,950.0397,210.708,1027.862543,4.4346540234983
1,949.5927,210.4514,1027.881557,4.46619605645537
1,949.1572,209.4176,1027.895527,4.47985762730241
1,948.89,207.8943,1027.911568,4.47816681116819
1,948.8795,205.3711,1027.929547,4.48367930948734
1,948.9877,203.1172,1027.94357,4.45088930428028
1,949.3517,200.7629,1027.959529,4.41921083256602
1,949.6731,199.2124,1027.985533,4.43740654736757
1,949.9831,198.6512,1027.991546,4.44102426990867
1,950.3947,198.2023,1028.007532,4.44224383682013
1,950.61,199.1223,1028.029542,4.47161542251706
1,951.0735,199.3058,1028.041545,4.48216870427132
1,951.3251,199.9774,1028.05555,4.49613621458411
1,951.3082,201.0738,1028.077539,4.54320386052132
1,950.9528,202.8767,1028.090568,4.56360820680857
1,950.1265,205.5575,1028.106535,4.59288712590933
1,949.2806,207.9496,1028.126666,4.65560145676136
1,948.4046,210.4986,1028.138538,4.68251388520002
1,947.4512,213.1083,1028.154539,4.69598639756441
1,946.8574,215.2061,1028.172577,4.62807016447186
1,946.3427,217.2138,1028.186546,4.60378266870975
1,946.0344,218.6992,1028.20254,4.59613604471087
1,946.0786,219.0024,1028.222546,4.60627349093556
1,945.8327,219.5352,1028.234548,4.65866876766086
1,945.6242,220.0155,1028.252542,4.68092132359743
1,944.9661,221.2805,1028.270681,4.697869066149
1,944.144,222.9203,1028.284547,4.71502635627985
1,943.4246,224.433,1028.300545,4.73085045814514
1,942.5767,226.2071,1028.316547,4.74099721759558
1,942.0689,227.4133,1028.332547,4.75043617188931
1,941.6639,228.8623,1028.348564,4.72656497731805
1,941.4141,230.3511,1028.364548,4.74165333434939
1,941.2653,231.8539,1028.38655,4.73334826529026
1,940.9748,233.7729,1028.398549,4.72322944551706
1,940.5638,235.5986,1028.414551,4.76146442815661
1,940.0842,237.3074,1028.432552,4.77075623348355
1,939.746,238.4062,1028.446554,4.77960333228111
1,939.4193,239.2888,1028.462554,4.80049289762974
1,939.1758,239.728,1028.480554,4.79575200006366
1,939.1553,239.1674,1028.496555,4.80479188263416
1,939.2491,238.1778,1028.510555,4.81510302051902
1,939.4975,237.0027,1028.532558,4.80132363736629
1,939.8879,235.5221,1028.542557,4.76683676242828
1,940.209,234.6519,1028.558558,4.73515735939145
1,941.6393,231.8032,1028.576562,4.71029104664922
1,942.1392,230.4336,1028.592558,4.71423659473658
1,943.6724,227.6344,1028.608559,4.70952037721872
1,944.2266,226.4025,1028.628564,4.69480222091079
1,944.3074,226.5577,1028.642561,4.70437668263912
1,944.1886,227.1344,1028.658561,4.70724375918508
1,936.7051,235.9534,1028.674565,4.79071587324142
1,926.9692,245.767,1028.692565,4.80310432612896
1,905.1283,272.0913,1028.706566,4.8390282317996
1,879.0609,300.9091,1028.724566,4.90064220502973
1,849.7971,336.6147,1028.738564,4.98097157105803
1,817.629,373.9712,1028.754566,4.84348740428686
1,785.5405,412.2835,1028.774584,4.87999711185694
1,752.1851,451.323,1028.786579,4.86235274001956
1,726.6478,481.4458,1028.802567,4.86207194626331
1,711.8253,501.7018,1028.818571,4.86678211018443
1,704.3575,512.494,1028.836586,4.85273450613022
1,703.4887,513.5582,1028.85257,4.82017453759909
1,702.9479,513.7018,1028.866574,4.81222430244088
1,701.2418,512.7371,1028.884572,4.87831421196461
1,701.5568,511.6249,1028.90059,4.88155800849199
1,700.2053,509.1057,1028.916577,4.87196445465088
1,701.1553,506.32,1028.932576,4.87781642004848
1,700.0242,502.847,1028.948594,4.85519273206592
1,700.44,499.6918,1028.964575,4.76557668298483
1,700.011,495.9357,1028.982593,4.7343079932034
1,700.2192,492.8631,1028.998577,4.73575247451663
1,700.8745,491.2599,1029.012577,4.71857655793428
1,700.6968,490.5798,1029.030608,4.68245148658752
1,700.6061,489.7185,1029.04658,4.65567409992218
1,700.84,489.2497,1029.062579,4.56062331795692
1,701.376,489.9449,1029.078609,4.51230071485043
1,702.2498,490.8881,1029.094585,4.50618704780936
1,702.5452,491.3441,1029.110618,4.55322070047259
1,702.9605,491.8293,1029.126612,4.54646861180663
1,703.1491,492.1724,1029.144588,4.52878139913082
1,703.2469,492.4503,1029.158614,4.49153082445264
1,703.0602,492.7483,1029.176585,4.46135504171252
1,702.6042,492.8804,1029.192585,4.44825319573283
1,702.1501,492.5889,1029.208608,4.46866452693939
1,701.8071,492.0981,1029.226604,4.46869852021337
1,701.5877,491.7994,1029.242601,4.45918086916208
1,704.2808,490.9437,1029.256599,4.52578533440828
1,709.3436,490.5542,1029.27661,4.54543856903911
1,719.5098,489.5029,1029.290591,4.49207564815879
1,730.6671,488.2793,1029.306607,4.45929961279035
1,744.3796,487.8057,1029.326656,4.36858832836151
1,756.7778,486.7491,1029.340592,4.33183647692204
1,769.4774,486.7386,1029.356607,4.31665452197194
1,782.2083,486.92,1029.372593,4.29249461740255
1,792.0004,487.6721,1029.386632,4.29738499224186
1,796.3826,489.5012,1029.402607,4.24790848046541
1,796.3056,491.4295,1029.422615,4.24627168104053
1,795.7285,494.2658,1029.434597,4.2538377456367
1,795.1555,495.7809,1029.452598,4.30948892608285
1,792.2778,495.7759,1029.4706,4.36883047223091
1,789.2495,495.3819,1029.484616,4.36407513916492
1,784.2871,494.1376,1029.5006,4.34830598533154
1,780.5399,492.9458,1029.516618,4.32793982326984
1,776.7863,491.6543,1029.532601,4.28842753171921
1,772.8776,490.3073,1029.550602,4.26239660009742
1,768.9812,489.5906,1029.564602,4.22545848414302
1,766.3903,489.6,1029.582603,4.26442455500364
1,766.8697,491.0027,1029.598605,4.24527423456311
1,771.1746,491.5685,1029.614605,4.26960689947009
1,775.8381,491.4538,1029.63062,4.27715433761477
1,784.673,490.9634,1029.648623,4.17216122150421
1,793.98,490.0178,1029.662607,4.1666766628623
1,803.7328,489.1654,1029.678607,4.16720844805241
1,812.941,487.8606,1029.696618,4.17465390637517
1,822.4493,486.3731,1029.71061,4.20275237411261
1,831.8508,484.7512,1029.730626,4.20441012829542
1,838.0381,483.9506,1029.744611,4.17900923639536
1,839.8902,484.2375,1029.760611,4.15268260985613
1,840.3341,484.5979,1029.778611,4.15291870012879
1,840.5527,484.9554,1029.794616,4.16249269619584
1,841.0657,485.0143,1029.808614,4.1927476413548
1,840.9948,485.1998,1029.826629,4.18226234614849
1,840.6274,485.5573,1029.840618,4.18732222169638
1,839.8948,486.1292,1029.858633,4.1635287925601
1,838.782,487.0082,1029.876647,4.15790593251586
1,837.7438,487.5999,1029.890628,4.13193972781301
1,836.5848,488.0995,1029.906619,4.15461137890816
1,835.7465,488.3286,1029.924648,4.12388890981674
1,835.3384,488.3725,1029.938618,4.1299476288259
1,835.1604,488.6764,1029.954619,4.16292902082205
1,835.4231,488.8318,1029.974678,4.1497265920043
1,835.7183,489.1039,1029.986621,4.15339693427086
1,836.0628,489.3394,1030.004623,4.17009042575955
1,836.3212,489.7278,1030.020624,4.18279226869345
1,836.3497,490.4921,1030.036641,4.18865168467164
1,836.4761,491.1425,1030.052625,4.25606686621904
1,836.15,492.2573,1030.068647,4.24880580976605
1,835.9172,492.8386,1030.084641,4.21909149736166
1,835.5246,493.0307,1030.10063,4.25127008929849
1,835.2181,493.1526,1030.116631,4.29149391129613
1,835.2941,492.7228,1030.134628,4.33399947360158
1,835.5176,492.6882,1030.150645,4.38276864588261
1,836.1359,492.4773,1030.166635,4.38212230801582
1,836.6196,492.2319,1030.182632,4.39802696928382
1,837.3057,492.0842,1030.198648,4.42950008437037
1,838.0147,491.3907,1030.214632,4.46374015882611
1,838.707,491.0861,1030.230632,4.47059702128172
1,839.0733,490.6549,1030.248654,4.42228280007839
1,839.8088,490.0405,1030.262635,4.47308551520109
1,839.5367,490.0939,1030.280646,4.38023125752807
1,839.9097,489.759,1030.296638,4.41756658256054
1,837.9019,489.7123,1030.31265,4.53156232833862
1,831.5941,489.5694,1030.328636,4.59209643304348
1,820.3004,490.2034,1030.344651,4.66605415567756
1,806.6417,489.2448,1030.36064,4.68435091897845
1,788.8542,489.6424,1030.378648,4.65116836130619
1,772.6725,489.429,1030.39267,4.68232110142708
1,755.478,489.3953,1030.410645,4.63227741420269
1,739.1519,489.6423,1030.426656,4.65666502714157
1,724.705,490.1996,1030.440654,4.61313594132662
1,716.113,491.1441,1030.458643,4.62974049150944
1,715.146,491.524,1030.478644,4.65257279574871
1,715.5125,491.7249,1030.488644,4.62707690894604
1,715.4189,492.5397,1030.506645,4.64735087007284
1,724.5537,492.0039,1030.526684,4.61831269785762
1,732.2541,492.803,1030.540645,4.53193578869104
1,749.7619,491.9579,1030.556657,4.48521273210645
1,765.2567,493.1105,1030.57467,4.44710347801447
1,782.1567,492.6971,1030.58866,4.43100370466709
1,798.2661,492.3999,1030.604666,4.48075076565146
1,814.3694,491.753,1030.624655,4.49701212346554
1,830.3594,490.8893,1030.636668,4.47463616728783
1,837.3612,490.8279,1030.654655,4.46799863129854
1,836.6017,489.7899,1030.670655,4.45684837177396
1,835.7903,488.6334,1030.684653,4.4194795191288
1,834.3734,488.5237,1030.702655,4.44671884179115
1,833.681,487.6854,1030.71866,4.44350996986032
1,832.8971,487.3751,1030.732654,4.44268248975277
1,832.121,487.6514,1030.750667,4.44787926971912
1,831.3029,488.1522,1030.766675,4.35625063255429
1,830.691,488.6482,1030.782675,4.33968519791961
1,830.4014,488.8294,1030.798659,4.33662347495556
1,830.25,488.7661,1030.816668,4.34184772893786
1,830.7032,488.2118,1030.830687,4.38428344205022
1,832.6998,478.2695,1030.84868,4.48157778009772
-1,NaN,NaN,1030.864661,0
1,840.0522,476.9465,1030.884662,4.43090312182903
-1,NaN,NaN,1030.894662,0
1,841.3179,449.5027,1030.912664,4.43364912644029
1,853.3635,446.9141,1030.930679,4.43281512707472
1,862.5966,410.0919,1030.948698,4.3885949999094
1,873.4946,374.2051,1030.962667,4.3804906308651
1,885.3267,340.4835,1030.978674,4.38037002459168
1,893.3743,317.6043,1030.994682,4.41355211660266
1,903.4335,304.2104,1031.010669,4.384511616081
1,908.4771,268.3228,1031.030669,4.3982146307826
1,911.6238,240.2591,1031.042669,4.36954479664564
1,914.7872,243.8254,1031.05867,4.37558349221945
1,912.5914,251.2581,1031.076701,4.37550945207477
1,910.6881,256.3868,1031.090671,4.34421468526125
1,910.1913,258.9619,1031.108672,4.33352356776595
1,909.4628,262.5402,1031.126695,4.28634183481336
1,910.5558,260.7091,1031.138691,4.30302415043116
1,910.4653,257.972,1031.156677,4.33928333222866
1,914.0336,248.3556,1031.176705,4.31921426206827
1,915.5278,240.0354,1031.188692,4.31340606883168
1,917.7198,231.7193,1031.204686,4.30044671520591
1,919.0046,225.0806,1031.224677,4.30069258436561
1,920.2685,218.2825,1031.236696,4.30221343412995
1,921.4804,210.9692,1031.254682,4.3315808288753
1,920.7553,208.4579,1031.272688,4.33863047510386
1,919.5255,210.1719,1031.2847,4.29868837818503
1,919.1462,211.0094,1031.300714,4.27519576624036
1,918.4138,211.2296,1031.322683,4.22638887539506
1,918.1985,210.986,1031.334717,4.22153389081359
1,918.0964,211.5892,1031.350682,4.18458553031087
1,917.7634,212.9116,1031.368685,4.15248377248645
1,917.4374,214.9541,1031.382684,4.13778983056545
1,917.1028,217.9784,1031.398685,4.06700232997537
1,916.5798,221.2917,1031.416689,4.08458104357123
1,916.4637,224.4929,1031.432703,4.12589870393276
1,916.5278,226.3741,1031.448706,4.13301261141896
1,917.2122,226.4988,1031.464688,4.13355324417353
1,918.2764,225.6344,1031.480705,4.12475364282727
1,919.2678,223.9436,1031.496688,4.12506377324462
1,920.1969,222.3814,1031.514693,4.12913877516985
1,920.9229,220.4788,1031.530694,4.14697639644146
1,921.3312,218.7585,1031.544734,4.191720392555
1,921.8032,217.2629,1031.562694,4.19007847085595
1,922.3724,215.6522,1031.580747,4.18739160522819
1,922.6733,214.8466,1031.592705,4.19541075825691
1,923.2054,213.8408,1031.611704,4.19244356453419
1,923.5458,213.62,1031.629703,4.18515922501683
1,921.5976,219.075,1031.643696,4.20389045029879
1,919.3384,232.4541,1031.659697,4.19382704421878
1,912.7405,253.3189,1031.681712,4.21443581581116
1,907.0408,282.4507,1031.691699,4.20748209580779
1,897.9063,314.4381,1031.707713,4.27821232005954
1,889.9233,348.3222,1031.727737,4.24654455855489
1,880.6472,383.2359,1031.7397,4.25519375130534
1,871.1638,419.3087,1031.755713,4.26093861460686
1,864.507,449.5137,1031.773705,4.2482721619308
1,861.1935,463.2154,1031.78772,4.22761542722583
1,860.4093,465.0165,1031.803737,4.20399894937873
1,859.8308,465.2994,1031.825705,4.20831283554435
1,858.3972,466.2552,1031.837723,4.19712252914906
1,857.5456,468.4022,1031.853706,4.22278326004744
1,855.3846,471.5594,1031.873712,4.2303828522563
1,853.079,475.2147,1031.885708,4.24056081101298
1,850.5692,479.6254,1031.901708,4.23181196674705
1,847.8901,484.1642,1031.919728,4.20652842149138
1,845.5515,488.713,1031.93573,4.18761186301708
1,843.4125,492.6343,1031.951732,4.19089011847973
1,841.8594,495.2819,1031.967713,4.15503419935703
1,840.7208,496.6933,1031.983734,4.13758447393775
1,839.8588,496.7139,1031.999713,4.12738416343927
1,839.1581,496.0367,1032.017715,4.10496257245541
1,838.0652,495.4501,1032.031716,4.1210725903511
1,836.8093,494.8051,1032.047723,4.13404637947679
1,835.5272,494.1107,1032.063716,4.13485569879413
1,834.1681,493.2295,1032.083731,4.15260810405016
1,832.8159,492.2614,1032.095716,4.18138457462192
1,831.5475,491.3327,1032.111731,4.17636288329959
1,830.6288,490.3452,1032.131748,4.19526314362884
1,830.1872,489.5201,1032.143736,4.19088080525398
1,830.017,489.0421,1032.161736,4.17968025431037
1,830.2774,488.59,1032.179723,4.18204581364989
1,830.5385,488.5642,1032.193721,4.19668899849057
1,830.5179,488.7832,1032.209738,4.19373903423548
1,828.8253,489.135,1032.231744,4.15064301341772
1,820.3799,489.0254,1032.24374,4.24199085682631
1,808.2036,490.229,1032.259724,4.21659089624882
1,791.3553,488.846,1032.279726,4.3270206078887
1,771.1234,488.7998,1032.291726,4.34307381510735
1,754.153,486.7417,1032.307726,4.35329554602504
1,735.213,484.9315,1032.327729,4.39256615936756
1,717.9387,483.4892,1032.339745,4.36603976413608
1,702.3817,481.8669,1032.355728,4.36303112655878
1,694.3607,481.2563,1032.377743,4.37478488311172
1,694.1207,480.1797,1032.387748,4.35971049591899
1,694.2642,479.3861,1032.403731,4.39961301162839
1,694.4795,480.1498,1032.425779,4.3988605029881
1,695.1145,480.6348,1032.43775,4.42729936912656
1,695.2198,481.1628,1032.45375,4.44455025717616
1,695.6667,481.6047,1032.475742,4.44482732564211
1,696.0259,481.862,1032.487753,4.44764923304319
1,696.3179,481.8121,1032.501735,4.41068690270185
1,696.5237,481.761,1032.520389,4.40338393673301
1,696.8112,481.7678,1032.535738,4.35811653733253
1,696.9381,481.9162,1032.549755,4.36195032671094
1,696.9816,482.1802,1032.567747,4.39740531146526
1,696.7407,482.2457,1032.583738,4.38752863556147
1,696.6664,482.2778,1032.599739,4.3828091584146
1,695.7624,482.226,1032.615751,4.4123400002718
1,696.3701,482.77,1032.633742,4.36331890523434
1,695.4908,482.95,1032.647742,4.36198292300105
1,695.8676,483.7155,1032.663743,4.3726759031415
1,695.6057,484.3425,1032.683745,4.36617620289326
1,695.1672,485.1233,1032.695745,4.35830093920231
1,694.995,486.1639,1032.711756,4.28205775097013
1,694.9977,486.9595,1032.731753,4.27435711026192
1,696.0025,488.0688,1032.745782,4.31393831968308
1,696.5485,488.7111,1032.76176,4.31658094748855
1,696.2635,488.7261,1032.781756,4.31822193786502
1,696.5295,488.9876,1032.793765,4.30791964754462
1,696.8362,489.1624,1032.809769,4.27237618714571
1,697.0831,489.3557,1032.829752,4.27270540967584
1,697.353,489.7384,1032.843784,4.25733299925923
1,697.3935,490.1301,1032.859768,4.23267297446728
1,697.4338,490.6017,1032.881754,4.27070073783398
1,697.4037,490.8834,1032.891753,4.26138378679752
1,697.4404,490.7851,1032.907754,4.2826384305954
1,697.7104,490.4887,1032.927764,4.29683737456799
1,697.769,490.5359,1032.939772,4.23778546974063
1,698.5231,489.7884,1032.957768,4.29194932803512
1,697.9461,489.4714,1032.975763,4.2770211584866
1,699.0748,488.4452,1032.989757,4.28100628778338
1,697.7073,487.532,1033.005757,4.25941683351994
1,698.024,487.3053,1033.023782,4.1857585310936
1,696.382,486.6584,1033.037759,4.23221150413156
1,696.5505,486.5678,1033.053778,4.22529503703117
1,695.1252,485.5914,1033.072215,4.24809940159321
1,695.3936,484.7756,1033.087762,4.27784631028771
1,695.1732,484.6212,1033.101762,4.25778608769178
1,696.0942,484.2789,1033.119763,4.22880472615361
1,696.6123,484.0253,1033.135764,4.23626089468598
1,697.5697,483.8326,1033.151764,4.19944245368242
1,698.4767,484.0998,1033.167784,4.2080138809979
1,698.756,484.5541,1033.185775,4.22708364203572
1,698.5195,484.8863,1033.199784,4.24005230888724
1,698.4062,484.9976,1033.215767,4.27064625546336
1,698.2002,485.4778,1033.233774,4.2331931181252
1,706.2639,477.3941,1033.24977,4.24260273575783
-1,NaN,NaN,1033.26577,0
-1,NaN,NaN,1033.282771,0
-1,NaN,NaN,1033.294771,0
1,732.1171,453.1135,1033.316791,4.1770706884563
1,761.2204,411.0677,1033.334774,4.18012961745262
1,788.9473,382.8999,1033.348786,4.19345358386636
1,824.8213,331.3311,1033.364775,4.37222281470895
1,854.5434,300.0461,1033.380775,4.23840619623661
1,880.4863,269.8523,1033.394775,4.29850351065397
1,899.634,248.4823,1033.410775,4.2500807903707
1,913.5921,232.3891,1033.430778,4.2531848885119
1,923.9819,220.3914,1033.444778,4.21931548044086
1,920.9102,234.5262,1033.460778,4.20251861214638
1,913.0126,254.7549,1033.480783,4.20550582930446
1,911.0895,259.2769,1033.492782,4.19566221535206
1,910.1766,263.2489,1033.508781,4.20976942405105
1,909.2975,262.4492,1033.526806,4.22915676608682
1,909.9639,261.0317,1033.540782,4.22830274328589
1,910.1719,255.4871,1033.556783,4.22327732667327
1,911.9399,251.0564,1033.576797,4.17611422017217
1,913.047,245.795,1033.590787,4.17988747358322
1,915.9329,239.3064,1033.606784,4.14552679285407
1,917.0981,234.7898,1033.62481,4.13014693185687
1,920.707,227.765,1033.638787,4.13239095360041
1,921.6956,226.5764,1033.654798,4.10555256530643
1,922.7862,226.1282,1033.672841,4.12261253222823
1,923.2431,226.326,1033.686792,4.11399267613888
1,923.8007,226.3846,1033.702791,4.10818960517645
1,923.6508,225.8988,1033.718795,4.0883575566113
1,921.7444,228.1842,1033.736794,4.07039374113083
1,920.1275,230.8243,1033.752803,4.03813924640417
1,918.71,233.8298,1033.770795,4.0167048573494
1,916.7099,237.3974,1033.786798,3.98752652108669
1,915.8665,239.3895,1033.800794,3.97390639409423
1,914.9282,242.5522,1033.816809,3.95880546420813
1,914.2629,245.0593,1033.834796,3.98224592208862
1,913.7006,247.6907,1033.848808,3.97208007052541
1,913.5848,248.9894,1033.864797,3.97769873961806
1,913.8416,249.2442,1033.882833,4.01800032705069
1,913.924,249.2941,1033.898798,4.07488876953721
1,914.0184,248.1662,1033.914818,4.13692463189363
1,913.6042,247.3441,1033.930817,4.14506252855062
1,911.857,246.3451,1033.946814,4.11727884784341
1,905.2213,250.1294,1033.962819,4.1990615427494
1,889.6317,261.2213,1033.980826,4.24431404098868
1,870.5815,278.7056,1033.996804,4.32039937004447
1,840.8928,303.9636,1034.010822,4.40386030822992
1,813.8318,331.4357,1034.028805,4.35313303023577
1,783.7913,360.1889,1034.044806,4.28474321961403
1,754.282,390.1653,1034.058806,4.24513360485435
1,724.7026,421.2932,1034.078837,4.21741884201765
1,701.1187,448.4387,1034.092808,4.19235182926059
1,692.4455,462.1261,1034.108825,4.21607075259089
1,691.6938,465.5897,1034.126827,4.20561386272311
1,691.4734,467.1583,1034.140809,4.21924330294132
1,692.1067,468.3902,1034.156813,4.33377269655466
1,691.6052,469.805,1034.17483,4.33864258229733
1,692.3097,470.9994,1034.190826,4.38822899013758
1,692.6404,472.2405,1034.204813,4.29887231439352
1,693.4772,474.4621,1034.226814,4.17735707014799
1,693.7529,476.8399,1034.238815,4.16568666696548
1,694.0302,479.8372,1034.254828,4.15026908740401
1,694.2834,482.7867,1034.272834,4.19636769220233
1,694.5877,485.922,1034.28683,4.22754930332303
1,694.9913,488.3629,1034.302829,4.26709791645408
1,694.5647,489.6807,1034.322834,4.25338372588158
1,694.0963,489.9779,1034.334838,4.2215371504426
1,694.0495,489.4106,1034.352821,4.20264201238751
1,694.0644,488.331,1034.37084,4.18623490259051
1,695.0331,486.8826,1034.384839,4.25360025838017
1,695.2515,485.8288,1034.400822,4.22358838841319
1,696.2394,484.9147,1034.416823,4.29862458258867
1,696.164,484.7039,1034.432822,4.23423992469907
1,695.9073,485.1519,1034.448843,4.21204790472984
1,695.7385,485.5656,1034.464824,4.22967318445444
1,695.688,485.8722,1034.482841,4.24413895234466
1,695.9036,485.7818,1034.498826,4.315503872931
1,696.136,485.3356,1034.514827,4.42073820158839
1,694.9068,483.877,1034.530827,4.4209728948772
1,696.4667,482.9191,1034.546831,4.3306453153491
1,695.3367,481.2748,1034.562828,4.35664132237434
1,696.3311,480.3804,1034.578829,4.28183050826192
1,696.0966,479.972,1034.596853,4.29963786154985
1,699.9265,479.6908,1034.612832,4.34125540778041
1,706.1898,479.7826,1034.628832,4.30445652455091
1,719.0122,479.7657,1034.644833,4.30823629721999
1,734.5404,480.3598,1034.660832,4.2995223775506
1,754.1721,481.5998,1034.678834,4.24736039713025
1,773.4443,481.6235,1034.692852,4.27548680454493
1,793.6714,482.2262,1034.710836,4.24227584153414
1,812.9349,482.4273,1034.728853,4.2325179092586
1,828.6342,482.6803,1034.742851,4.23237262293696
1,837.9216,483.6575,1034.756837,4.21545701101422
1,840.5942,484.9106,1034.77685,4.22269525006413
1,839.5297,486.2256,1034.788839,4.21037571504712
1,839.0154,487.1444,1034.806839,4.19760309159756
1,838.6071,487.1271,1034.824883,4.21202275902033
1,838.2564,487.0613,1034.838858,4.20514121651649
1,838.1985,486.72,1034.854841,4.20960504561663
1,838.257,486.2346,1034.874845,4.23281919211149
1,838.1135,486.3508,1034.886842,4.21433988958597
1,837.8209,486.3116,1034.904845,4.22988040372729
1,837.356,486.3836,1034.920845,4.2468854226172
1,836.677,486.7086,1034.934862,4.21455828472972
1,835.8765,486.8669,1034.954848,4.20616520568728
1,834.8359,487.7983,1034.968848,4.1749207302928
1,833.6075,488.9922,1034.98485,4.12994110956788
1,832.3456,489.9188,1035.000849,4.13497351109982
1,831.2344,490.8869,1035.01686,4.12216829136014
1,830.6622,491.0263,1035.03285,4.1080336086452
1,830.269,491.4394,1035.050853,4.1069402359426
1,830.2959,491.407,1035.066852,4.11377195268869
1,830.3474,491.6742,1035.080863,4.11106320098042
1,830.5025,491.9721,1035.098854,4.09398227930069
1,830.9219,491.7064,1035.114866,4.12703864276409
1,831.5615,491.4641,1035.130871,4.10410389304161
1,832.3174,490.8958,1035.148856,4.09308774396777
1,832.9482,490.4644,1035.162873,4.12388052791357
1,833.4929,489.8721,1035.180856,4.12421813234687
1,833.8697,489.1107,1035.194875,4.15906775742769
1,834.2906,488.2022,1035.21286,4.13308944553137
1,834.7238,487.0959,1035.228859,4.14136378094554
1,835.0681,486.1886,1035.244866,4.14498429745436
1,835.0757,485.7206,1035.26086,4.15218155831099
1,834.8564,485.5313,1035.278869,4.22558840364218
1,834.5398,485.7404,1035.292862,4.22282051295042
1,834.2568,486.4608,1035.309863,4.18167700991035
1,834.0845,487.3031,1035.327871,4.20187972486019
1,834.0881,488.1534,1035.341882,4.16746223345399
1,834.0927,488.7961,1035.357872,4.20629652217031
1,834.1976,489.0288,1035.375889,4.23026783391833
1,834.4444,489.2277,1035.389883,4.2259288020432
1,834.6826,488.8092,1035.40787,4.28109150379896
1,835.0734,488.1633,1035.425884,4.26373444497585
1,835.2618,487.0688,1035.437886,4.31557325646281
1,835.2845,485.9557,1035.457871,4.3048458173871
1,835.1663,485.2886,1035.473893,4.30681742727757
1,834.8599,484.9844,1035.487871,4.33177314698696
1,834.803,485.3114,1035.505874,4.30244952440262
1,834.6789,485.8322,1035.521884,4.35149297118187
1,834.6232,487.1538,1035.535872,4.33516735211015
1,834.6297,488.6526,1035.555876,4.34610573574901
1,834.639,489.9739,1035.569876,4.37341909855604
1,838.8854,491.3095,1035.585874,4.37188427895308
1,841.5351,494.1298,1035.60188,4.29667858406901
1,866.5436,502.1795,1035.619887,4.22977609559894
1,889.9014,513.9716,1035.635912,4.15950547903776
1,946.9824,539.4767,1035.65189,4.07552346587181
1,1004.223,568.8984,1035.667892,4.02815267443657
1,1085.081,615.1612,1035.683879,3.86855565011501
1,1164.569,666.893,1035.697899,3.75699624419212
1,1223.956,717.3395,1035.719885,3.70717188343406
-1,NaN,NaN,1035.731884,3.65051534026861
-1,NaN,NaN,1035.747882,3.61696840263903
-1,NaN,NaN,1035.763887,3.62898712046444
-1,NaN,NaN,1035.779885,3.59609303995967
-1,NaN,NaN,1035.795899,3.59414308331907
-1,NaN,NaN,1035.811891,3.57242627069354
-1,NaN,NaN,1035.829903,3.57394386082888
-1,NaN,NaN,1035.845887,3.53379221633077
-1,NaN,NaN,1035.861889,3.56226926669478
-1,NaN,NaN,1035.881905,3.53300175629556
-1,NaN,NaN,1035.893889,3.5540706012398
-1,NaN,NaN,1035.909891,3.56034957803786
-1,NaN,NaN,1035.927961,3.58046242035925
-1,NaN,NaN,1035.941904,3.63178597763181
-1,NaN,NaN,1035.957893,3.60066536813974
-1,NaN,NaN,1035.977914,3.54526774026454
-1,NaN,NaN,1035.989913,3.58351948671043
-1,NaN,NaN,1036.007895,3.53081803768873
-1,NaN,NaN,1036.025898,3.64198815077543
-1,NaN,NaN,1036.039896,3.61582729965448
-1,NaN,NaN,1036.055908,3.58406966552138
-1,NaN,NaN,1036.073901,3.62507812678814
-1,NaN,NaN,1036.091916,3.61357280053198
-1,NaN,NaN,1036.101898,0
-1,NaN,NaN,1036.117911,0
-1,NaN,NaN,1036.1329,0
-1,NaN,NaN,1036.1489,0
-1,NaN,NaN,1036.166912,0
-1,NaN,NaN,1036.182902,0
-1,NaN,NaN,1036.198903,0
-1,NaN,NaN,1036.214903,0
-1,NaN,NaN,1036.230903,0
-1,NaN,NaN,1036.246905,0
-1,NaN,NaN,1036.262909,0
-1,NaN,NaN,1036.280924,0
-1,NaN,NaN,1036.294907,0
-1,NaN,NaN,1036.312915,0
-1,NaN,NaN,1036.32997,0
-1,NaN,NaN,1036.34391,0
-1,NaN,NaN,1036.361914,0
-1,NaN,NaN,1036.37993,0
-1,NaN,NaN,1036.393911,0
-1,NaN,NaN,1036.409919,0
-1,NaN,NaN,1036.427922,0
-1,NaN,NaN,1036.441934,0
-1,NaN,NaN,1036.457926,0
-1,NaN,NaN,1036.479944,0
-1,NaN,NaN,1036.489916,0
-1,NaN,NaN,1036.507916,0
-1,NaN,NaN,1036.525929,0
-1,NaN,NaN,1036.539917,0
-1,NaN,NaN,1036.55592,0
-1,NaN,NaN,1036.575954,0
-1,NaN,NaN,1036.587934,0
-1,NaN,NaN,1036.603938,0
-1,NaN,NaN,1036.625932,0
-1,NaN,NaN,1036.635938,0
-1,NaN,NaN,1036.653942,0
-1,NaN,NaN,1036.670756,0
-1,NaN,NaN,1036.685924,0
-1,NaN,NaN,1036.701926,0
-1,NaN,NaN,1036.717931,0
-1,NaN,NaN,1036.733926,0
-1,NaN,NaN,1036.749927,0
-1,NaN,NaN,1036.767931,0
-1,NaN,NaN,1036.78393,0
-1,NaN,NaN,1036.79793,0
-1,NaN,NaN,1036.815933,0
-1,NaN,NaN,1036.831932,0
-1,NaN,NaN,1036.847932,0
-1,NaN,NaN,1036.863934,0
-1,NaN,NaN,1036.881944,0
-1,NaN,NaN,1036.895951,0
-1,NaN,NaN,1036.911956,0
-1,NaN,NaN,1036.929936,0
-1,NaN,NaN,1036.943953,0
-1,NaN,NaN,1036.959936,0
-1,NaN,NaN,1036.97794,0
-1,NaN,NaN,1036.993956,0
-1,NaN,NaN,1037.009938,0
-1,NaN,NaN,1037.02894,0
-1,NaN,NaN,1037.04294,0
-1,NaN,NaN,1037.058941,0
-1,NaN,NaN,1037.078944,0
-1,NaN,NaN,1037.09096,0
-1,NaN,NaN,1037.108955,0
-1,NaN,NaN,1037.130945,0
-1,NaN,NaN,1037.142957,0
-1,NaN,NaN,1037.164967,4.55582980066538
1,1162.768,710.0541,1037.18496,4.51995758339763
1,1091.586,624.1194,1037.192965,4.51592076569796
1,1036.237,548.8939,1037.208965,4.48493799194694
1,982.5809,479.8193,1037.227149,4.46463050320745
1,930.2271,416.1527,1037.240967,4.45595476776361
1,897.7166,366.0266,1037.25695,4.40818117931485
1,890.0141,325.4722,1037.279118,4.42079128697515
1,894.7766,304.8654,1037.288952,4.43743634968996
1,898.2429,303.3739,1037.304968,4.43570548668504
1,898.4363,302.4981,1037.326977,4.47616679593921
1,898.415,301.9645,1037.338987,4.47136629372835
1,898.3849,301.4076,1037.353114,4.47057839483023
1,898.2621,300.5814,1037.372962,4.47535654529929
1,898.3145,299.4971,1037.387015,4.4449158012867
1,898.467,298.0259,1037.402975,4.4534676708281
1,898.5055,297.0134,1037.420962,4.4587142765522
1,898.7587,296.1639,1037.43496,4.44349367171526
1,899.0198,295.5432,1037.45098,4.44543547928333
1,899.0596,295.8579,1037.468982,4.43877233192325
1,898.8166,296.9281,1037.486984,4.41734539344907
1,898.0488,298.6692,1037.498989,4.4186576269567
1,897.2499,300.4068,1037.514965,4.41955355927348
1,896.5283,301.5915,1037.534963,4.41498542204499
1,895.8769,302.54,1037.548973,4.41275723278522
1,895.3759,302.7469,1037.562964,4.40352596342564
1,894.9933,302.5586,1037.582965,4.37510665506125
1,895.1165,301.5662,1037.59698,4.38446179032326
1,895.6946,300.0342,1037.612984,4.39992872998118
1,896.3522,298.4643,1037.632967,4.39997622743249
1,897.1606,296.8587,1037.646989,4.41946927458048
1,897.7973,295.9328,1037.660968,4.38503734767437
1,898.2892,295.3121,1037.68497,4.36882069334388
1,898.7831,295.0126,1037.694983,4.37293481081724
1,899.4379,294.2799,1037.711056,4.40225424245
1,900.0416,293.3472,1037.730972,4.42342692986131
1,900.4005,292.7006,1037.742991,4.41224267706275
1,900.6835,292.0307,1037.758974,4.40917210653424
1,900.9573,291.5203,1037.780982,4.3803253211081
1,901.069,290.9808,1037.792977,4.37178555876017
1,901.4457,289.9042,1037.806993,4.37132641673088
1,901.8219,288.882,1037.82701,4.35910699889064
1,901.9578,288.5441,1037.840978,4.33436315506697
1,901.9026,288.7172,1037.857007,4.31354902684689
1,901.9987,289.0276,1037.877,4.31174226105213
1,902.2004,289.1068,1037.89098,4.30547399446368
1,902.4188,288.8995,1037.905015,4.33451356366277
1,902.7202,288.5085,1037.925023,4.3456912972033
1,903.0948,287.8593,1037.938982,4.36150701716542
1,903.5109,287.1809,1037.954982,4.38746111467481
1,903.8259,286.1986,1037.970986,4.37466613948345
1,903.7487,284.8643,1037.988985,4.43442724645138
1,903.8078,283.77,1038.002984,4.38303360715508
1,903.697,283.4455,1038.020986,4.35760244727135
1,903.4928,283.3228,1038.036987,4.35149716213346
1,904.2119,283.2653,1038.052988,4.34567080810666
1,904.3143,283.1931,1038.067006,4.35268972069025
1,904.9011,282.713,1038.084997,4.34069661423564
1,905.5959,282.2094,1038.10099,4.32795938104391
1,906.925,281.7427,1038.116991,4.29969234392047
1,908.2214,281.6614,1038.132992,4.27757808938622
1,908.6675,281.2733,1038.14899,4.27234033122659
1,909.0684,280.7819,1038.165006,4.27316874265671
1,909.429,281.0908,1038.180994,4.27600089460611
1,909.3922,281.5895,1038.196993,4.30595967918634
1,909.1121,282.2613,1038.212994,4.31683985516429
1,908.9383,282.6507,1038.231006,4.30866284295917
1,908.7974,282.5162,1038.247014,4.32397751137614
1,908.6922,282.0606,1038.262997,4.27637808024883
1,908.8901,280.6604,1038.279009,4.24344558268785
1,909.0056,279.6525,1038.294998,4.20612609013915
1,909.2987,278.3696,1038.311015,4.19874116778374
1,909.7941,277.5191,1038.329003,4.18211473152041
1,910.4881,276.7798,1038.345,4.18575340881944
1,911.8527,275.5709,1038.359023,4.23577334731817
1,913.4501,275.194,1038.37702,4.20978991314769
1,915.8433,274.1568,1038.393002,4.23237774521112
1,918.6883,273.8984,1038.407002,4.2113927192986
1,921.5545,273.421,1038.427003,4.217145498842
1,924.4988,272.9427,1038.443007,4.18712245300412
1,927.3358,272.4551,1038.457004,4.18214127421379
1,929.8348,272.0336,1038.477027,4.17379476130009
1,931.9046,272.2404,1038.489023,4.14482690393925
1,933.0834,272.8476,1038.505033,4.14042733609676
1,933.7794,272.9453,1038.523015,4.13145683705807
1,933.8372,273.249,1038.539009,4.13577305153012
1,934.0414,273.0758,1038.555016,4.1355793364346
1,934.4459,272.452,1038.573028,4.14528604596853
1,934.5611,272.5669,1038.590025,4.13577444851398
1,934.5851,272.2525,1038.602023,4.09808568656445
1,934.0643,272.2462,1038.622023,4.10873210057616
1,933.3928,272.1531,1038.636014,4.12054918706417
1,932.3782,271.9004,1038.652025,4.1237473487854
1,931.2305,271.8415,1038.668033,4.16185101494193
1,929.7552,271.4343,1038.685027,4.19238023459911
1,928.1266,271.2002,1038.699018,4.20334283262491
1,926.7081,270.6017,1038.717035,4.2124786414206
1,925.8291,269.0836,1038.733037,4.20468999072909
1,925.55,267.5891,1038.749043,4.1950773447752
1,925.5759,266.1684,1038.765023,4.20879572629929
1,925.7639,265.3157,1038.78302,4.20268019661307
1,925.8066,265.1871,1038.797038,4.21962374821305
1,925.6737,265.7148,1038.815021,4.24172217026353
1,925.5515,267.0244,1038.831033,4.22913860529661
1,925.5068,268.1893,1038.847022,4.21208422631025
1,917.8764,275.1493,1038.863039,4.28320653736591
1,904.4332,284.3456,1038.879035,4.29773423820734
1,880.7954,303.2714,1038.897024,4.38110623508692
1,849.4118,326.1709,1038.911025,4.48058964684606
1,816.6495,353.5192,1038.927026,4.52460721135139
1,780.3357,382.9711,1038.943028,4.54036612063646
1,746.0298,412.3623,1038.959046,4.45765489712358
1,708.8585,442.0247,1038.979028,4.51504858210683
1,681.0465,466.7569,1038.993043,4.51745791360736
1,667.0739,482.3782,1039.007049,4.47371695190668
1,663.2781,490.357,1039.029048,4.51652426272631
1,663.9656,491.8638,1039.041031,4.51313937082887
1,664.3926,492.0239,1039.05705,4.50290320441127
1,664.6801,492.1903,1039.075042,4.48564812541008
1,665.6699,491.875,1039.091033,4.48282761499286
1,666.5137,492.0105,1039.105034,4.48504788801074
1,668.5418,492.3579,1039.125051,4.54345904290676
1,669.6013,492.1396,1039.139037,4.51351655647159
1,674.2471,491.8007,1039.155037,4.52438089996576
1,677.9525,491.5679,1039.173057,4.46499744430184
1,683.9713,491.0348,1039.187038,4.49849525466561
1,689.1461,490.5529,1039.203059,4.43784752860665
1,695.3433,489.7961,1039.221041,4.37658838927746
1,699.6579,488.7498,1039.235076,4.43735672160983
1,703.2977,488.7459,1039.253059,4.37254505231977
1,704.1482,488.5085,1039.271042,4.30184090510011
1,705.5115,488.743,1039.285057,4.29560663178563
1,705.4904,489.0766,1039.299043,4.29673725739121
1,704.9952,489.4951,1039.317047,4.32341126725078
1,704.1213,489.7871,1039.333045,4.32116910815239
1,703.5287,489.2691,1039.349047,4.325982183218
1,704.057,489.2038,1039.365046,4.3177530169487
1,703.9758,489.2012,1039.381064,4.31513786315918
1,702.912,488.508,1039.399048,4.33114124462008
1,702.0851,487.667,1039.41305,4.32959059253335
1,700.8685,487.1717,1039.431048,4.26095444709063
1,700.7198,486.5322,1039.447061,4.35926066711545
1,699.4091,486.6242,1039.463068,4.33335825800896
1,700.3989,486.068,1039.479062,4.33209072798491
1,699.0497,485.8086,1039.495053,4.37685940414667
1,700.1669,484.9765,1039.511053,4.34108125045896
1,698.6748,484.1648,1039.529077,4.30962955579162
1,699.9659,483.2905,1039.545056,4.32672072201967
1,698.6726,482.0292,1039.559057,4.33314638212323
1,699.3547,481.2785,1039.577071,4.3071317486465
1,698.2714,480.2684,1039.593056,4.2748274281621
1,699.476,479.761,1039.609125,4.29653562605381
1,699.8378,480.3351,1039.627057,4.19770460575819
1,701.076,480.8044,1039.641061,4.22089407220483
1,701.0721,481.2885,1039.65706,4.27948404103518
1,702.5374,481.4636,1039.677059,4.29630000144243
1,702.5697,482.3078,1039.689081,4.24262508749962
1,703.5482,483.2236,1039.705085,4.29967790842056
1,702.0624,483.6236,1039.72508,4.37475414946675
1,701.6973,483.9771,1039.737093,4.33657225221395
1,699.0621,483.9446,1039.755067,4.33614896610379
1,699.4504,483.7099,1039.773071,4.27354359999299
1,698.9307,483.5112,1039.787085,4.24153171479702
1,699.8999,483.2739,1039.803067,4.324269015342
1,698.633,482.5449,1039.821089,4.32521151378751
1,700.0411,481.1477,1039.835067,4.34530945494771
1,700.7709,479.9663,1039.85307,4.28018625825644
1,702.0624,479.4252,1039.867087,4.27789660170674
1,701.4583,479.434,1039.88507,4.35124663636088
1,702.6298,479.4202,1039.901088,4.34939423575997
1,701.1398,478.9719,1039.917085,4.37907502055168
1,708.0037,478.7253,1039.933072,4.38387133181095
1,715.4609,479.2584,1039.95108,4.26559243351221
1,731.8873,479.5549,1039.967092,4.20755986124277
1,748.4788,479.6794,1039.983091,4.18353360146284
1,768.596,479.2949,1039.999076,4.12907963618636
1,788.5851,479.2455,1040.015093,4.14248602464795
1,809.1243,479.3217,1040.03109,4.16337139904499
1,828.0878,480.0738,1040.047078,4.15989849716425
1,840.5881,481.1892,1040.065094,4.15034638717771
1,843.973,482.1494,1040.079116,4.1777528822422
1,844.015,482.8746,1040.095085,4.13495860993862
1,843.1758,483.4549,1040.11108,4.14794543758035
1,842.3158,484.0117,1040.127099,4.15765587240458
1,841.1713,484.3299,1040.143082,4.1410899721086
1,840.864,483.7842,1040.161082,4.15650010108948
1,840.7354,483.1078,1040.177083,4.17047040537
1,840.6859,482.1507,1040.193086,4.15266491472721
1,840.668,481.5595,1040.209091,4.14885627105832
1,840.3496,481.4259,1040.22714,4.12751594558358
1,839.8063,481.502,1040.241099,4.10353252664208
1,839.0684,482.0072,1040.259116,4.11761226132512
1,838.2186,482.4818,1040.275139,4.09839116036892
1,837.651,482.9067,1040.289087,4.09610662609339
1,837.1161,483.5792,1040.30709,4.01417724788189
1,836.7058,484.1781,1040.3251,3.99608025327325
1,836.3787,484.6222,1040.339106,3.97995673120022
1,836.0984,484.9668,1040.357091,3.99953732267022
1,836.0847,484.8992,1040.373109,4.06076340004802
1,836.1945,484.7211,1040.387091,4.08111466094851
1,836.418,484.3041,1040.405094,4.09899326041341
1,836.5131,483.9214,1040.425097,4.09256527200341
1,836.6208,483.3621,1040.435095,4.10131085664034
1,836.6517,482.7787,1040.453096,4.09731734544039
1,836.6062,482.5681,1040.467097,4.09956695511937
1,836.5579,482.6414,1040.485097,4.1195428930223
1,836.4858,483.2061,1040.501108,4.12067817524076
1,836.4498,483.6024,1040.517113,4.13815025240183
1,836.3784,484.2724,1040.5331,4.08982671797276
1,836.3705,484.8079,1040.549119,4.06315829604864
1,836.3765,485.1845,1040.565101,4.06073266640306
1,836.5638,485.4805,1040.581116,4.0237121284008
1,836.8883,485.3522,1040.599121,4.01095394045115
1,836.9781,485.1082,1040.615102,4.01580333709717
1,837.154,484.6649,1040.631104,3.99299804121256
1,837.1963,484.3274,1040.647119,3.98323172703385
1,837.1263,484.3026,1040.665106,3.99496918544173
1,836.7288,484.5294,1040.681123,4.04960568994284
1,833.0422,487.1459,1040.695107,4.0524578653276
1,829.1922,489.2618,1040.713109,4.08813497051597
1,821.5341,493.6871,1040.729108,4.07496420666575
1,814.0998,496.8437,1040.745138,4.1083600372076
1,805.6056,500.3589,1040.761109,4.08009346574545
1,796.7456,503.5024,1040.779124,4.09181555733085
1,787.5013,506.2627,1040.793111,4.10101749002934
1,778.7567,509.0776,1040.811133,4.1149128228426
1,772.928,510.0447,1040.829113,4.11313213407993
1,769.9426,510.0149,1040.843133,4.09567169845104
1,766.8902,510.8401,1040.859125,4.08622482791543
1,764.5132,511.7029,1040.879114,4.07393649220467
1,762.1949,513.3519,1040.891116,4.06264653429389
1,760.1461,515.1889,1040.907165,4.06843982636929
1,758.3839,517.0089,1040.925124,4.04884852468967
1,756.6949,519.0037,1040.939134,4.0696244686842
1,755.2204,520.811,1040.955122,4.10304358229041
1,754.0153,522.6422,1040.975158,4.1046985425055
1,752.9485,524.2075,1040.987123,4.16123401373625
1,752.2949,525.3763,1041.003121,4.16347524151206
1,751.929,526.215,1041.025129,4.16333880275488
1,751.8247,526.6987,1041.035122,4.17754985392094
1,751.9165,527.2193,1041.053122,4.18191030621529
1,752.1,527.4424,1041.069124,4.20534610748291
1,752.3047,527.65,1041.085139,4.2036259546876
1,755.0381,525.191,1041.101126,4.25519421696663
1,757.281,524.2437,1041.119134,4.21415595337749
-1,NaN,NaN,1041.133126,0
-1,NaN,NaN,1041.149127,0
-1,NaN,NaN,1041.165128,0
-1,NaN,NaN,1041.181153,0
-1,NaN,NaN,1041.197147,0
-1,NaN,NaN,1041.21514,0
1,805.9536,466.5749,1041.23116,4.24545211717486
1,830.098,419.148,1041.249132,4.23077819868922
1,855.5503,372.8399,1041.26515,4.24750428646803
1,875.3266,332.4798,1041.281145,4.20744763687253
1,893.1439,298.3924,1041.297133,4.16311994194984
1,906.888,268.2147,1041.315136,4.18615946546197
1,915.1725,239.7581,1041.331144,4.17749909684062
1,914.627,228.8105,1041.345135,4.24758065491915
1,909.3652,237.4529,1041.36314,4.24498645588756
1,906.1224,246.9525,1041.379158,4.25313506275415
1,904.3957,253.7523,1041.393156,4.24742186442018
1,902.782,257.3289,1041.41115,4.16759354993701
1,902.8069,258.4098,1041.431172,4.17939899489284
1,902.929,259.0668,1041.443158,4.18767426162958
1,903.074,259.6349,1041.459171,4.1672233492136
1,903.6799,259.8354,1041.479177,4.23337239772081
1,904.2321,261.0432,1041.491159,4.17623110115528
1,905.7897,261.9779,1041.507158,4.11277404054999
1,907.8846,263.7252,1041.527198,4.16702032089233
1,910.4688,265.4054,1041.539144,4.14044689387083
1,913.6326,266.5234,1041.555157,4.14840830489993
1,916.6407,267.6555,1041.578148,4.18054964393377
1,919.9219,268.6386,1041.588146,4.07461216673255
1,922.722,269.8304,1041.604147,4.07544011250138
1,924.6272,271.2675,1041.624167,4.0460997261107
1,926.0506,271.9539,1041.638172,4.02130652219057
1,926.7424,272.2336,1041.654149,4.01239981874824
1,925.828,273.0741,1041.674155,3.93782602623105
1,916.4894,281.227,1041.686151,4.02740947902203
1,903.1329,292.2221,1041.702169,4.06621303409338
1,877.5214,315.4374,1041.722154,4.14426950737834
1,848.2473,340.5571,1041.734167,4.18967148289084
1,816.5145,371.109,1041.750153,4.19582007452846
1,782.1846,402.3219,1041.766166,4.13948763161898
1,748.6979,435.4131,1041.782188,4.12751920521259
1,714.8262,468.3826,1041.798157,4.10853745415807
1,692.2861,491.8956,1041.814188,4.11159079521894
1,682.1296,504.9502,1041.832159,4.11315122619271
1,678.6207,511.4316,1041.848158,4.1930265724659
1,679.7087,513.192,1041.864173,4.20247903093696
1,679.8398,514.5351,1041.880161,4.22780541703105
1,679.2662,515.4198,1041.89616,4.21849265694618
1,679.7668,514.8029,1041.912164,4.24202252179384
1,678.3309,513.901,1041.93019,4.22378536313772
1,678.7349,511.2588,1041.944164,4.25349781289697
1,676.8227,508.4001,1041.960187,4.19743498787284
1,676.4542,505.4698,1041.982167,4.16801124811172
1,674.7593,502.4249,1041.994165,4.28089406341314
1,674.568,499.6671,1042.010186,4.32411022484303
1,672.2721,496.4914,1042.03217,4.28033014759421
1,672.6331,494.7789,1042.042171,4.26557753235102
1,672.7536,492.9624,1042.058167,4.23747068271041
1,676.652,491.2801,1042.08017,4.1995020583272
1,677.9537,488.9833,1042.090186,4.21030120924115
1,682.4583,486.1754,1042.106182,4.24040015786886
1,686.291,483.9002,1042.126187,4.21206001192331
1,689.4133,481.9014,1042.140171,4.1127628646791
1,692.4774,479.9883,1042.156185,4.12152381613851
1,695.6296,478.0704,1042.176186,4.0409043431282
1,697.8937,477.194,1042.188198,4.04013600200415
1,702.8631,477.5903,1042.204185,4.10321773961186
1,708.3269,478.2251,1042.226202,3.95831326022744
1,723.1319,477.5891,1042.238177,3.95614048466086
1,737.92,477.6748,1042.254176,3.9670136757195
1,757.402,477.1704,1042.272202,3.93539341166615
1,775.5688,476.7714,1042.28618,4.01137629523873
1,794.9621,476.8059,1042.302202,3.97760886698961
1,813.8917,476.936,1042.320468,3.96140711382031
1,828.2646,477.5656,1042.33618,3.96508630365133
1,836.4819,477.5375,1042.352181,3.97120276466012
1,839.4033,477.7649,1042.368182,3.97947570309043
1,839.5379,478.5215,1042.384184,3.99823905900121
1,839.6763,479.0621,1042.400183,3.98922152817249
1,839.3611,479.5765,1042.416203,3.99936316534877
1,839.3625,479.6214,1042.432202,4.03683073818684
1,839.2675,479.5277,1042.448187,3.97322233766317
1,839.0752,479.228,1042.464186,3.98547388613224
1,838.9129,479.0932,1042.484187,3.92802013084292
1,838.765,479.238,1042.496221,3.87808191590011
1,838.9102,479.5204,1042.512194,3.91346868127584
1,839.2795,480.3719,1042.532205,3.88820562511683
1,839.6299,481.4107,1042.546208,3.95241798833013
1,840.1575,482.7455,1042.562204,3.96008463576436
1,840.4493,484.4463,1042.580192,3.96884139627218
1,840.6398,485.89,1042.594227,3.96861415356398
1,840.6788,487.2302,1042.610206,3.97582026198506
1,837.0345,487.5157,1042.630204,4.1130343452096
1,827.5386,488.2028,1042.644197,4.13800776004791
1,814.4445,487.3057,1042.660206,4.1906819678843
1,793.5151,487.0258,1042.678212,4.16519213467836
1,774.6215,486.0723,1042.692197,4.12639742717147
1,753.4589,485.2469,1042.708226,4.04730485752225
1,734.33,484.254,1042.728211,4.06347820535302
1,714.9145,483.6571,1042.7402,4.05081082135439
1,698.6442,483.6896,1042.756199,4.11328813061118
1,691.0997,483.2978,1042.774202,4.14085062220693
1,689.1393,483.0092,1042.790202,4.11746511235833
1,689.3215,483.2986,1042.804201,4.10324055701494
1,691.2342,483.1749,1042.822214,4.07421309500933
1,690.6799,482.1355,1042.838205,4.05807560309768
1,693.0612,481.3595,1042.854206,4.05531749129295
1,693.591,480.4675,1042.872209,4.05412865802646
1,696.3007,480.2516,1042.886218,4.19356394559145
1,696.8013,480.2261,1042.902223,4.16512181982398
1,699.6605,479.8822,1042.918208,4.19600168243051
1,700.251,479.7102,1042.934222,4.22941520810127
1,701.2345,479.843,1042.950227,4.08588862046599
1,702.0655,480.7251,1042.96821,4.08256333321333
1,702.7391,481.6904,1042.986243,4.06980328261852
1,701.6932,481.5129,1043.000222,4.04015555977821
1,700.8312,481.7076,1043.01623,4.03995672240853
1,699.8858,481.6047,1043.032228,4.05332399532199
1,699.6318,481.8546,1043.048286,4.05444158241153
1,698.3224,482.0302,1043.064213,4.06836485490203
1,698.0146,481.8445,1043.082233,4.10799542441964
1,697.4459,481.3347,1043.098217,4.10082470625639
1,699.9268,478.0663,1043.112217,4.1775070130825
1,702.1348,474.9613,1043.130215,4.13069315254688
-1,NaN,NaN,1043.144217,0
-1,NaN,NaN,1043.160219,0
-1,NaN,NaN,1043.176218,0
-1,NaN,NaN,1043.192221,0
-1,NaN,NaN,1043.20822,0
1,722.9279,450.6473,1043.228239,4.18148608878255
1,744.1301,427.2544,1043.248225,4.0952074341476
1,776.7775,389.0612,1043.260223,4.03261091560125
1,811.131,354.1447,1043.278253,3.93645465373993
1,840.8023,322.9627,1043.294226,3.94043140113354
1,869.7344,294.1508,1043.308243,3.8981125690043
1,895.6391,268.7049,1043.328244,3.93507210537791
1,919.3888,246.0656,1043.342242,3.98862920701504
1,931.0378,239.1147,1043.358227,3.96555941551924
1,927.4094,247.3546,1043.376236,3.94916813820601
1,923.9227,253.7019,1043.392229,3.92713490873575
1,922.7235,256.6147,1043.406228,3.92180494964123
1,921.0199,258.2492,1043.424265,3.9203385822475
1,919.3776,259.5981,1043.438231,3.97030124440789
1,917.8619,260.5531,1043.454249,3.98336630314589
1,916.7179,261.4819,1043.472236,3.95134091377258
1,916.0698,261.7361,1043.488232,3.97254293784499
1,915.5174,261.4418,1043.50224,3.98412300273776
1,915.1322,260.8431,1043.522261,3.98142589256167
1,914.6063,259.8719,1043.534242,3.97952133789659
1,914.1614,259.5818,1043.552255,3.94962960854173
1,914.657,258.9663,1043.568284,3.88572993688285
1,915.6032,258.6671,1043.584261,3.84707702323794
1,916.7993,258.9005,1043.600238,3.84037150070071
1,917.6392,259.5301,1043.616252,3.88108775950968
1,918.48,260.8305,1043.63224,3.85865964926779
1,919.4473,261.4972,1043.650241,3.91652528196573
1,920.5248,261.8749,1043.664241,3.92004055902362
1,922.0217,260.8301,1043.682256,3.90502880327404
1,923.2433,259.4383,1043.698242,3.8998550735414
1,924.3215,257.6194,1043.714243,3.87436454184353
1,925.0529,255.8219,1043.73026,3.92386736348271
1,925.3853,255.1268,1043.748244,3.90591938048601
1,925.1694,254.5963,1043.762246,3.94586427137256
1,924.4172,255.4588,1043.780264,3.91318369656801
1,923.343,257.1599,1043.796247,3.87636572122574
1,921.9138,259.5133,1043.810248,3.89987463131547
1,920.6618,262.8015,1043.828248,3.86355561204255
1,919.695,265.2521,1043.84428,3.9303288795054
1,919.4522,267.2996,1043.860263,3.93086764961481
1,919.9888,268.7463,1043.878266,3.86688997969031
1,921.2001,269.2954,1043.892252,3.91177600249648
1,922.6675,270.0164,1043.908255,3.9307763800025
1,923.7468,270.3197,1043.926289,4.02136100456119
1,924.2531,270.6302,1043.942274,4.05581342056394
1,923.8941,271.3132,1043.956254,4.04056394472718
1,923.1256,271.8987,1043.976289,4.00735903531313
1,922.3335,272.8134,1043.990256,3.94844030961394
1,921.4482,273.6903,1044.006274,3.97081859409809
1,920.3668,274.6836,1044.022268,4.02073562145233
1,919.3632,275.5839,1044.038259,4.06701304018497
1,918.5122,276.3077,1044.05426,4.08033281564713
1,918.2534,276.2167,1044.074269,4.0926500223577
1,918.2257,275.9372,1044.08626,4.09108819440007
1,918.2521,275.5457,1044.102289,4.07092273235321
1,917.6321,275.3786,1044.120262,4.10949345678091
1,916.6812,275.5946,1044.136263,4.09570569172502
1,915.9109,275.2079,1044.152264,4.10670135170221
1,915.393,275.0239,1044.168274,4.1334992274642
1,915.2139,274.9022,1044.184264,4.08963114023209
1,915.1942,274.9814,1044.200265,4.09348262473941
1,915.614,275.5287,1044.216281,4.03887638822198
1,916.2325,275.8154,1044.234267,3.97878885269165
1,917.3583,276.1578,1044.250269,3.99286160245538
1,918.8781,276.1398,1044.264285,4.00719745084643
1,920.3083,276.2429,1044.282299,3.98624129593372
1,921.3472,276.6087,1044.29827,4.07186103984714
1,921.8635,277.2519,1044.314283,4.07946761697531
1,921.8245,278.24,1044.330272,4.04347432777286
1,921.4912,279.2211,1044.348281,4.09710640087724
1,921.0273,280.1611,1044.362273,4.08925535157323
1,920.5925,281.1206,1044.380277,4.11185249686241
1,920.2467,282.1333,1044.396275,4.15926519781351
1,920.2589,282.7117,1044.410286,4.16312739253044
1,920.4645,283.0827,1044.428276,4.17829770594835
1,920.9777,282.9323,1044.444286,4.16283216327429
1,921.3443,282.573,1044.460277,4.18419297784567
1,918.6895,284.9892,1044.480289,4.20993287116289
1,910.9173,289.5054,1044.492302,4.1769128292799
1,894.4015,303.0056,1044.510293,4.21591708436608
1,870.5759,319.2387,1044.52828,4.28508268669248
1,842.3164,342.5846,1044.540293,4.29788185283542
1,810.5864,366.9616,1044.558281,4.25194809213281
1,780.3972,392.085,1044.576282,4.25912858918309
1,748.8289,417.6394,1044.590299,4.22569317743182
1,719.9044,440.6896,1044.606284,4.27706819027662
1,699.1469,458.9467,1044.624312,4.30075731128454
1,690.3502,468.0377,1044.638283,4.32356540113688
1,690.6354,469.6639,1044.654287,4.36932919546962
1,691.2214,470.694,1044.672309,4.33986634016037
1,690.1437,471.1003,1044.686288,4.39532846212387
1,690.3716,471.6434,1044.704288,4.31527197360992
1,689.9132,471.7169,1044.720291,4.28354647010565
1,689.9038,472.2563,1044.736288,4.28250292316079
1,689.9709,472.9271,1044.752291,4.30062646046281
1,691.1688,473.6959,1044.768291,4.36144322156906
1,691.847,474.8351,1044.784291,4.31825872510672
1,693.3256,476.1158,1044.800293,4.28775046020746
1,694.1983,477.3892,1044.816295,4.28233901038766
1,695.84,479.2462,1044.832306,4.19838447123766
1,696.439,480.3908,1044.850299,4.22285683453083
1,697.637,482.0439,1044.866307,4.170096013695
1,698.8524,483.1722,1044.882302,4.15162369608879
1,698.8962,484.355,1044.898302,4.12356946617365
1,698.5273,485.1262,1044.914318,4.0916814468801
1,698.7424,485.3811,1044.930298,4.08762181177735
1,699.4102,485.7723,1044.946331,4.0599680505693
1,700.2684,485.5076,1044.9623,4.04907017946243
1,700.4603,484.5441,1044.978311,4.01893723756075
1,700.663,483.7021,1044.996334,4.00361744686961
1,700.8729,483.0437,1045.010302,4.03769733384252
1,700.911,482.94,1045.030316,4.06913738697767
1,700.9653,483.2585,1045.044303,4.04995074495673
1,700.9937,483.3936,1045.060305,4.09182254225016
1,701.1404,483.8051,1045.078324,4.11676522344351
1,701.0541,484.2272,1045.092306,4.08697733655572
1,700.7206,484.6683,1045.108307,4.116325173527
1,699.945,485.4077,1045.126307,4.0955669246614
1,699.1417,485.6874,1045.140307,4.08045621588826
1,698.6109,485.7412,1045.158309,4.10713767632842
1,698.1645,485.403,1045.176311,4.10995492711663
1,698.2268,484.6645,1045.188311,4.10438934341073
1,697.4805,483.6602,1045.206312,4.15204744786024
1,698.3202,482.7702,1045.224328,4.14828723296523
1,698.2182,481.5372,1045.23833,4.11288999021053
1,699.5145,480.8019,1045.254315,4.12393547594547
1,700.7673,479.808,1045.274345,4.1516674682498
1,701.7059,479.0786,1045.286332,4.14157984778285
1,703.1609,478.0012,1045.304316,4.18590055778623
1,714.0105,476.6079,1045.322317,4.16399585083127
1,724.0662,476.0804,1045.336317,4.09171637147665
1,743.6265,476.3635,1045.352332,4.15108166635036
1,760.3626,476.3491,1045.37233,4.16179187595844
1,778.2344,477.6769,1045.384319,4.13758354261518
1,795.7993,478.3248,1045.400319,4.16897842660546
1,813.5659,479.3683,1045.418331,4.06062602996826
1,831.0143,480.8463,1045.432322,4.01371624320745
1,838.5458,482.811,1045.44834,4.00025537237525
1,838.0564,484.499,1045.466329,4.0220795199275
1,838.8193,484.0412,1045.481322,4.03306540101767
1,839.0351,483.1967,1045.497323,4.01393650099635
1,839.2265,482.7687,1045.515328,4.02909750118852
1,839.1914,482.4556,1045.531325,4.0039517916739
1,838.8281,482.6533,1045.547333,3.97140253335238
1,838.2841,482.9002,1045.563328,3.94233642145991
1,833.9891,482.4086,1045.581328,4.05034376308322
1,827.485,482.7477,1045.595327,4.0431646630168
1,818.9952,482.5199,1045.613364,4.0912963449955
1,807.8658,482.9803,1045.629348,4.06399462372065
1,798.7311,483.2763,1045.643332,4.06197644770145
1,788.7123,483.7622,1045.663335,4.02956735342741
1,778.5272,484.421,1045.68135,4.04350087046623
1,768.3758,485.0916,1045.693351,4.05690306797624
1,762.0782,486.3079,1045.709347,4.06193034723401
1,761.6241,487.4585,1045.729352,4.10154508426785
1,761.4354,488.1732,1045.741347,4.08254843205214
1,760.2598,488.8496,1045.757339,4.07980661839247
1,760.2336,489.2284,1045.781337,4.06282395124435
1,760.2469,489.797,1045.791354,4.08135959878564
1,760.4042,490.0946,1045.805369,4.10505337640643
1,760.7325,490.3069,1045.825339,4.14109975099564
1,761.1439,490.1536,1045.839355,4.17644763365388
1,761.3733,490.0182,1045.855356,4.16632881388068
1,761.326,489.9138,1045.873366,4.17599314823747
1,761.1583,489.6322,1045.887357,4.14048880338669
1,760.6482,489.2981,1045.903361,4.12787077948451
1,760.2332,489.0634,1045.923344,4.12974180653691
1,759.5781,489.7193,1045.935375,4.08066203817725
1,758.9175,491.3148,1045.95336,4.11126436665654
1,757.9546,494.611,1045.971346,4.1081216186285
1,756.6827,499.0717,1045.985346,4.03093779459596
1,755.411,504.5236,1046.001345,4.08843671903014
1,753.9343,510.9346,1046.019349,4.06981911510229
1,752.6237,517.3745,1046.033348,4.08477894961834
1,751.3184,523.45,1046.049348,4.14242362603545
1,749.8755,528.3485,1046.067351,4.1026952676475
1,748.7374,531.4365,1046.083368,4.11303620785475
1,747.8146,533.2947,1046.09737,4.09317668527365
1,747.4839,533.4897,1046.11537,4.11153491586447
1,747.8672,533.0818,1046.133431,4.13162028416991
1,748.5109,532.3254,1046.147355,4.09663561731577
1,749.3541,531.3599,1046.165423,4.08201245591044
1,750.316,530.6282,1046.183375,4.08476125448942
1,751.3748,529.8693,1046.195374,4.08261967822909
1,752.5656,529.2924,1046.21336,4.01268154382706
1,753.7391,528.3578,1046.229389,4.02778573334217
1,754.5607,527.4426,1046.243371,4.04533464461565
1,755.0293,526.34,1046.261379,4.05262224376202
1,754.8353,525.0767,1046.281377,4.12037875503302
1,758.496,522.0807,1046.29336,4.14517149329185
1,762.3707,519.3196,1046.309379,4.02030907571316
1,772.726,514.1697,1046.329392,4.0270178578794
1,782.7576,508.9428,1046.341363,4.03032964095473
1,796.2241,502.9503,1046.359362,4.04362566769123
1,808.2913,497.4164,1046.379386,4.06497763469815
1,821.33,491.8357,1046.391383,4.02772519737482
1,833.962,486.4969,1046.407382,4.03894670307636
1,842.5833,482.9395,1046.427366,4.06714016571641
1,846.7129,480.8193,1046.439378,4.0648290887475
1,847.7316,479.5098,1046.455386,4.08728141337633
1,847.499,479.2937,1046.477379,4.04229527339339
1,847.8377,479.6431,1046.489387,4.02423040941358
1,848.0153,480.0565,1046.503381,4.08170791342855
1,848.7831,480.1674,1046.523951,4.08906303346157
1,849.4644,480.2472,1046.537371,4.13409434258938
1,850.1439,480.0689,1046.553389,4.12157410755754
1,850.4804,480.0708,1046.573376,4.11184597760439
1,850.2828,480.5121,1046.585373,4.10614395514131
1,849.9575,481.1726,1046.601408,4.06510569155216
1,849.335,481.7762,1046.619512,4.10043587908149
1,848.4734,482.4435,1046.633388,4.11168206483126
1,847.7661,483.2444,1046.649394,4.12691943347454
1,846.9319,484.097,1046.667396,4.13166917860508
1,846.4381,484.5797,1046.683412,4.11640200763941
1,845.9435,484.9627,1046.697379,4.06965054571629
1,845.4161,484.8164,1046.715402,4.07907366752625
1,845.1971,484.3689,1046.731382,4.08471329137683
1,844.8287,483.8571,1046.747384,4.07423824071884
1,844.9099,483.098,1046.763381,4.08575963228941
1,845.0112,482.7716,1046.781396,4.07151551917195
1,845.3246,482.1105,1046.795382,4.07357700169086
1,845.8268,481.726,1046.811445,4.10279305651784
1,846.1249,481.4925,1046.831388,4.12087608128786
1,846.5618,481.129,1046.845416,4.10319631919265
1,846.5107,481.2907,1046.861398,4.15982259437442
1,846.2988,481.438,1046.88143,4.17369371280074
1,845.8704,481.5875,1046.893389,4.1883597150445
1,845.2513,481.7655,1046.909418,4.21672221273184
1,844.6165,481.985,1046.930389,4.22138441354036
1,843.857,482.3383,1046.94239,4.21988544985652
1,843.0142,482.6587,1046.95839,4.21404000371695
1,842.1707,482.9092,1046.981403,4.20905277132988
1,841.3146,483.1864,1046.989409,4.15370287373662
1,839.0603,482.3494,1047.007392,4.27094055339694
1,839.2384,472.1346,1047.027414,4.25797887146473
1,840.6766,458.1746,1047.039393,4.32513980194926
1,844.3854,434.7155,1047.055394,4.33100573718548
-1,NaN,NaN,1047.072399,0
-1,NaN,NaN,1047.088396,0
1,849.6008,411.5797,1047.106396,4.26651677116752
1,856.5777,386.4162,1047.126402,4.24846587702632
1,863.6321,362.8218,1047.1384,4.11795452237129
1,872.9354,336.3783,1047.154415,4.16172808036208
1,884.447,311.2502,1047.170402,4.11095609888434
1,895.5174,294.0556,1047.186401,4.10460913553834
1,901.9642,287.7788,1047.202402,4.08400502055883
1,905.0727,285.3059,1047.218406,4.07726131379604
1,909.1005,282.3444,1047.234404,4.03462909162045
1,912.4488,279.1242,1047.250404,4.03826637193561
1,913.1412,278.6892,1047.266404,4.0581189095974
1,912.0676,280.7438,1047.284406,4.03986452147365
1,910.3463,283.5679,1047.298407,4.05422039330006
1,909.0723,285.2187,1047.316413,4.08008368685842
1,908.4273,285.9043,1047.332408,4.04049037024379
1,908.091,286.1561,1047.348407,4.02748165652156
1,907.9866,286.4228,1047.364423,4.03167866170406
1,907.8896,286.9784,1047.382411,3.99705534800887
1,907.7193,287.7117,1047.39641,4.000264685601
1,907.2856,289.6733,1047.412425,4.02973406016827
1,904.6909,299.6085,1047.430413,4.09760233014822
1,900.4444,314.1565,1047.444413,4.14378987625241
1,894.9827,336.5357,1047.460429,4.18143812566996
1,887.1206,362.3089,1047.478416,4.20535122975707
1,881.0076,387.6987,1047.494415,4.17206296697259
1,873.9175,413.2352,1047.510415,4.16729180142283
1,867.2927,439.4322,1047.528422,4.12153312936425
1,860.5958,465.7573,1047.542431,4.12452546879649
1,856.6795,482.7739,1047.558417,4.0568788535893
1,856.499,486.617,1047.580455,4.03827847912908
1,856.5568,487.0425,1047.592422,4.03802655637264
1,856.2177,488.2381,1047.608431,4.00999048724771
1,856.1827,489.4748,1047.626446,4.02688793838024
1,855.46,490.9083,1047.640421,4.00429777801037
1,854.3594,491.7648,1047.656436,4.01911418884993
1,853.8049,491.823,1047.674443,3.99253144860268
1,852.9554,490.9947,1047.688424,4.09301882609725
1,851.7786,489.9143,1047.704434,4.05252911150455
1,850.5339,488.4277,1047.722425,4.05358942225575
1,848.7294,487.0546,1047.738428,4.07866947352886
1,847.3272,485.6693,1047.754425,4.01442684233189
1,845.623,484.4994,1047.77243,4.08318964764476
1,843.93,483.9366,1047.786436,4.09998139366508
1,842.5381,483.7129,1047.802441,4.0606907568872
1,841.1841,484.0576,1047.81843,4.07731533050537
1,840.5286,485.0088,1047.836429,4.02976805344224
1,840.3514,485.8301,1047.852452,4.03987616300583
1,840.1893,486.9049,1047.866454,4.09413734450936
1,839.9916,487.7083,1047.884449,4.07922919839621
1,839.3801,488.0935,1047.900451,4.07729065045714
1,838.7139,488.382,1047.914434,4.05661482363939
1,837.8253,488.454,1047.932435,4.03930526226759
1,836.9569,488.256,1047.94947,4.0471157990396
1,835.9445,487.986,1047.963436,4.0284818969667
1,828.8919,487.6743,1047.981448,4.10815700888634
1,819.025,488.224,1047.997438,4.13153879344463
1,803.8577,487.2287,1048.013453,4.22144308686256
1,784.3528,487.3606,1048.029462,4.24505723640323
1,767.33,485.571,1048.04744,4.27766796201468
1,746.9979,484.4171,1048.06345,4.26038401201367
1,729.3298,483.2029,1048.079465,4.19074529781938
1,710.6201,482.3444,1048.095441,4.19020652770996
1,698.8344,480.9601,1048.109442,4.17854776605964
1,695.7578,478.7968,1048.127442,4.15706867352128
1,694.5912,478.588,1048.143444,4.19962964951992
1,694.6967,480.569,1048.159482,4.24028281122446
1,695.0441,482.5837,1048.179466,4.25095343962312
1,695.2394,483.7083,1048.191447,4.30541904643178
1,696.2068,484.4031,1048.207446,4.28985711187124
1,696.2923,484.8651,1048.227465,4.2657433077693
1,697.1223,485.2952,1048.23946,4.34794835746288
1,697.0959,485.4311,1048.255466,4.26169531419873
1,698.3261,485.1903,1048.27546,4.32711513713002
1,697.582,485.0305,1048.289453,4.3337307870388
1,698.4924,484.4225,1048.305451,4.31403517723084
1,696.8489,484.0415,1048.323456,4.31948993355036
1,697.7423,483.5408,1048.337452,4.28647268563509
1,696.7578,483.1235,1048.355452,4.26749745383859
1,696.3078,482.4497,1048.369475,4.22874512150884
1,695.2792,481.7322,1048.387454,4.20920923352242
1,694.5536,481.6978,1048.401456,4.18500322848558
1,694.7651,482.0023,1048.421474,4.1386024095118
1,695.0289,482.9184,1048.435458,4.1276840493083
1,695.3058,484.0533,1048.451479,4.15549939498305
1,695.5842,485.1686,1048.467461,4.21815877780318
1,694.4256,485.6706,1048.483473,4.24399226903915
1,695.0176,485.5521,1048.499463,4.23879874870181
1,693.5239,484.8656,1048.515474,4.20283898711205
1,694.6572,484.4139,1048.531462,4.15467703714967
1,696.4909,483.6166,1048.549464,4.20302525162697
1,705.5342,483.1442,1048.565483,4.21594269573689
1,715.9298,482.1569,1048.579463,4.20139078050852
1,733.1439,481.0869,1048.597464,4.16018813848495
1,749.824,480.7769,1048.613483,4.04752558097243
1,767.0049,480.7346,1048.629482,4.02608048170805
1,783.4017,481.6625,1048.645468,4.02317242696881
1,799.6378,482.2848,1048.661469,4.02819737792015
1,811.9644,482.5905,1048.677467,4.07868064939976
1,816.1799,482.4721,1048.695469,4.06328216195107
1,815.1775,482.2623,1048.70947,4.02548024430871
1,813.7996,482.3534,1048.72747,4.01998776942492
1,809.2618,483.5863,1048.743474,4.00801794603467
1,806.3934,483.9516,1048.759471,4.04471438378096
1,799.3807,486.4049,1048.777492,4.0594432502985
1,793.6936,488.9113,1048.793475,4.02666302397847
1,786.5923,492.0944,1048.807474,4.03636181727052
1,779.5535,496.1457,1048.825489,4.03095688670874
1,772.0868,500.6131,1048.841499,4.03416808694601
1,764.5682,505.2629,1048.857475,3.99903394281864
1,759.9715,508.3812,1048.877494,4.05128253623843
1,757.5038,510.1746,1048.889478,4.02242690324783
1,755.4523,511.6008,1048.905478,3.99726442992687
1,754.7176,512.1418,1048.923509,4.0114913135767
1,754.1652,512.4624,1048.937498,3.96469607949257
1,753.9326,512.9924,1048.953483,3.97547893226147
1,754.2319,513.1095,1048.973482,3.95916635170579
1,754.7394,513.1466,1048.985482,3.95930930972099
1,754.9644,513.1494,1049.003485,3.9921086281538
1,754.7711,513.305,1049.019497,3.95943410694599
1,754.3126,513.6928,1049.035501,3.98097699508071
1,753.6747,514.4617,1049.052487,3.97814763709903
1,752.9301,515.5854,1049.068486,3.93941067159176
1,752.3858,516.6179,1049.084501,3.97649174556136
1,751.7764,517.8536,1049.100489,4.00902144610882
1,751.3434,519.1095,1049.116494,4.0315231308341
1,751.0598,520.1962,1049.132505,4.05640387907624
1,750.9933,520.8641,1049.149512,4.0434985421598
1,751.2297,521.1839,1049.163491,4.00810828432441
1,751.5435,521.3413,1049.181509,3.99767700582743
1,752.2759,521.0043,1049.197508,3.99466138333082
1,752.6442,520.5772,1049.213493,4.07489901408553
1,756.7153,510.9287,1049.229525,4.06934740021825
-1,NaN,NaN,1049.247496,0
-1,NaN,NaN,1049.263513,0
1,828.3655,414.1484,1049.283509,4.11830982193351
1,852.9059,378.0864,1049.295496,4.08618943765759
1,879.6796,341.2103,1049.311524,4.03182720765471
1,900.1958,309.9297,1049.329513,3.99961927905679
1,921.5303,281.279,1049.345499,3.93707444891334
1,938.9487,261.611,1049.359519,3.94308054819703
1,940.6039,261.2917,1049.381521,3.9299950003624
1,932.8661,269.7799,1049.391516,3.92836797982454
1,927.3563,278.0523,1049.409503,3.9914664812386
1,923.9706,286.0851,1049.425526,3.98218538612127
1,921.932,290.8617,1049.441505,3.94940515980124
1,918.204,295.2019,1049.457504,3.93047370016575
1,913.3867,305.5713,1049.475504,3.91885591670871
1,905.8961,318.695,1049.489522,3.91642143949866
1,897.2054,339.9566,1049.505512,3.91811225563288
1,885.2408,363.4268,1049.525539,3.96144669502974
1,876.3993,387.2674,1049.539506,3.94936697557569
1,865.2702,412.5929,1049.555509,3.99202900007367
1,855.1615,438.3839,1049.571526,4.01410693302751
1,845.7593,462.8755,1049.587526,3.99097381159663
1,840.6097,476.7693,1049.603511,3.97092942148447
1,839.8494,480.2,1049.619513,3.95818054676056
1,839.049,481.6426,1049.63553,3.95100843161345
1,838.3583,482.5339,1049.653513,3.89310624450445
1,837.8813,483.4831,1049.667514,3.89907788485289
1,836.5757,484.6213,1049.683514,3.89290391467512
1,835.98,485.3847,1049.699514,3.87352961115539
1,835.8993,485.7817,1049.715518,3.92502779141068
1,835.9714,486.1501,1049.731516,3.90848517417908
1,836.4895,485.7534,1049.749517,3.90921765938401
1,837.2206,484.9368,1049.765529,3.91731923446059
1,837.707,484.1144,1049.781529,3.92480799928308
1,838.2808,483.4215,1049.79753,3.94259812310338
1,839.2565,482.6684,1049.81552,3.92512511461973
1,833.912,481.4717,1049.831537,4.04343521222472
1,824.8861,480.4119,1049.847524,4.01310948655009
1,810.6741,479.4167,1049.861529,4.01302333921194
1,791.0695,478.9333,1049.879522,3.93316056579351
1,774.1304,478.5695,1049.895534,3.8517031352967
1,754.7422,478.2672,1049.911536,3.90333542600274
1,738.2758,477.0552,1049.931536,3.99289140477777
1,719.6081,476.6075,1049.943574,3.97869711741805
1,707.4178,476.815,1049.959528,3.98579193279147
1,704.6904,477.4871,1049.977542,4.00518951937556
1,704.59,477.6073,1049.991528,3.96275985985994
1,703.8387,477.0049,1050.009529,4.01726737618446
1,703.4965,477.4495,1050.027559,4.10215090960264
1,701.2321,477.7982,1050.041533,4.10979380831122
1,700.0869,478.7967,1050.057532,4.05912008136511
1,697.5074,479.064,1050.077568,4.07486222684383
1,696.283,479.243,1050.089531,3.98954469710588
1,694.5455,478.6081,1050.107537,4.02379734441638
1,694.0807,478.8881,1050.12557,4.02605626732111
1,692.7985,478.2472,1050.137535,4.03195573017001
1,693.5626,478.5251,1050.155536,4.00640768930316
1,693.5644,478.4113,1050.175542,4.00069775059819
1,694.4321,478.5971,1050.185554,3.99711355566978
1,694.8042,478.8445,1050.205539,3.99579852819443
1,694.9337,479.0088,1050.221546,4.00948524475098
1,694.85,479.9815,1050.235552,4.03671152889729
1,695.4782,481.0206,1050.251541,4.13827551528811
1,694.6968,481.6183,1050.267541,4.0951264090836
1,695.3149,482.4513,1050.285573,4.07374231144786
1,694.8789,482.4505,1050.29956,4.08911285921931
1,694.3611,482.5568,1050.317575,4.00106515735388
1,694.4156,482.1898,1050.333542,4.00638720020652
1,701.8262,481.7372,1050.349587,4.02206555008888
1,711.0336,480.1486,1050.365563,4.02857642620802
1,729.2886,478.7206,1050.381562,4.04671020805836
1,745.9734,476.7612,1050.397546,3.99185623973608
1,765.6531,475.4545,1050.415547,4.00115689262748
1,783.8978,474.6595,1050.431565,3.97314596921206
1,802.534,474.0739,1050.447547,3.92620218917727
1,820.8243,473.4572,1050.463549,3.98623524233699
1,831.1369,473.2147,1050.47955,3.96126927807927
1,833.5011,473.7271,1050.495567,3.97237995639443
1,833.3837,475.0989,1050.511562,4.01573488488793
1,833.0223,475.5744,1050.52957,4.02382994070649
1,834.0339,475.266,1050.543565,4.05391957610846
1,834.3694,475.0675,1050.561554,4.08528046682477
1,834.6019,474.506,1050.579571,4.09003812819719
1,834.6687,474.3168,1050.591555,4.11458080634475
1,834.7003,474.0627,1050.609558,4.10505104809999
1,834.71,473.8333,1050.627557,4.10122750326991
1,834.588,473.6489,1050.641569,4.10315301269293
1,834.2742,473.3251,1050.657558,4.06888779252768
1,833.8343,473.1219,1050.677558,4.07197093591094
1,833.3072,473.3076,1050.689559,4.00688732042909
1,832.5956,473.6284,1050.705572,4.07886831089854
1,831.9335,474.7545,1050.726577,4.03790920972824
1,830.8647,476.25,1050.738562,4.02900483459234
1,829.999,477.8056,1050.754574,4.05109999701381
1,829.2369,479.3595,1050.772575,4.00141999125481
1,825.4981,480.8427,1050.786563,3.99376032873988
1,819.5034,483.3591,1050.802565,4.08804789185524
1,810.2264,485.2619,1050.823566,4.07277047634125
1,799.6147,487.9048,1050.835566,4.06957697123289
1,788.7911,489.5623,1050.851583,4.03102627024055
1,778.7288,490.5752,1050.869572,4.00262139737606
1,768.3415,491.3643,1050.885568,4.0639964863658
1,758.318,492.2079,1050.901569,4.08225925639272
1,751.6795,492.5963,1050.917571,4.08074166625738
1,751.481,491.2385,1050.93357,4.10268176347017
1,753.8818,489.0075,1050.949579,4.09781467169523
1,756.1778,487.3435,1050.967572,4.07117418944836
1,757.9238,486.1143,1050.98359,4.05473355203867
1,759.9913,485.4893,1050.997591,4.03246330097318
1,761.2103,486.0607,1051.01559,3.99994757026434
1,761.8076,487.6027,1051.031592,3.98091319948435
1,761.7996,489.6392,1051.047593,3.96464206278324
1,761.2381,491.6853,1051.063597,3.97949432954192
1,760.3593,493.4609,1051.08159,3.99423344060779
1,764.4067,493.2739,1051.095577,4.08086692914367
1,769.4073,492.0534,1051.11158,4.08021220937371
1,781.0245,489.0116,1051.131595,4.05485276132822
1,792.2674,485.0711,1051.145579,4.01754630729556
1,805.3887,481.4259,1051.161582,3.97857557982206
1,817.228,477.6978,1051.181618,3.98602429777384
1,829.4755,473.8973,1051.191594,3.99724068120122
1,841.658,470.0984,1051.209606,3.99306602776051
1,848.5975,468.287,1051.229584,3.98147152736783
1,850.0643,468.9345,1051.241602,3.93355870619416
1,849.8533,469.571,1051.257602,3.91579233109951
1,849.78,469.3425,1051.279619,3.91917023807764
1,850.5127,468.7538,1051.289586,3.92692722380161
1,850.7093,467.9014,1051.305604,3.94342420622706
1,850.7426,467.4968,1051.327589,3.89186851680279
1,850.6459,467.2419,1051.337589,3.88735579326749
1,850.3699,467.3853,1051.355607,3.86057188734412
1,850.1127,467.5807,1051.377609,3.87306581251323
1,849.9539,467.7529,1051.38759,3.90668679028749
1,849.8884,468.4438,1051.403631,3.86783410795033
1,850.2445,468.9267,1051.423593,3.87212447822094
1,850.9882,469.1976,1051.435611,3.89900710433722
1,851.8774,469.0017,1051.451611,3.91174107789993
1,852.7837,468.0501,1051.471598,3.96241899579763
1,853.4952,466.929,1051.485607,3.96136101335287
1,854.0266,465.4167,1051.499625,3.9629265666008
1,854.4203,464.0147,1051.520121,3.94992437213659
1,854.6956,462.7305,1051.533609,3.96153703331947
1,854.8654,461.7463,1051.54963,3.969288431108
1,854.9741,461.4581,1051.565617,3.90145531855524
1,855.0429,461.4771,1051.583655,3.916937392205
1,855.2288,461.8876,1051.5976,3.9163026958704
1,855.4404,462.5004,1051.615616,3.91683075577021
1,855.6196,463.3706,1051.631601,3.97238926962018
1,855.9296,464.2008,1051.647619,3.99464089423418
1,856.1467,464.9249,1051.663618,4.03643772006035
1,856.3334,465.3329,1051.681606,4.06528823077679
1,856.7241,465.1257,1051.695616,4.08234726637602
1,856.7978,464.8091,1051.713618,4.11080056801438
1,854.9792,465.7625,1051.731608,4.072240088135
1,844.1437,466.9984,1051.745625,4.13852091878653
1,830.0064,468.7967,1051.761607,4.18441370129585
1,809.1189,470.9631,1051.78362,4.22498537227511
1,786.1104,472.9435,1051.793625,4.22780122607946
1,765.1606,475.0832,1051.809643,4.21494990587235
1,743.3555,477.947,1051.82962,4.22180024906993
1,722.0153,480.742,1051.841637,4.22974675893784
1,702.8201,482.396,1051.857647,4.17475029826164
1,694.5493,482.6583,1051.879647,4.28381934762001
1,694.3842,483.78,1051.889641,4.263820592314
1,695.6183,485.3847,1051.907613,4.26496658474207
1,694.3173,486.4937,1051.929615,4.21988964080811
1,695.0195,487.2118,1051.939615,4.22751577571034
1,695.2158,488.0593,1051.955615,4.24779672175646
1,695.4526,488.7595,1051.975618,4.26654098555446
1,695.7653,489.2207,1051.987619,4.29965183138847
1,695.4831,489.6836,1052.00362,4.30746609345078
1,695.8715,490.2615,1052.025626,4.28987108170986
1,696.3428,491.0398,1052.035621,4.26610093563795
1,696.1708,491.7027,1052.051642,4.26486367359757
1,696.3796,492.1687,1052.073622,4.24962025135756
1,696.6462,492.4522,1052.085622,4.24006907269359
1,696.7471,492.833,1052.101642,4.21817414462566
1,696.77,493.3771,1052.119624,4.17900318279862
1,696.6868,493.8803,1052.135625,4.16836189106107
1,696.4987,494.1886,1052.149624,4.18982049450278
1,696.2644,494.0662,1052.165627,4.15112962946296
1,695.9895,493.6526,1052.183627,4.11728024482727
1,696.5884,493.2007,1052.199627,4.13626059889793
1,698.6552,492.6662,1052.215629,4.12194384261966
1,705.7698,491.8446,1052.233641,4.10076789557934
1,714.1921,490.3377,1052.247629,4.12095058709383
1,728.1303,488.6295,1052.265634,4.08169580623508
1,740.9575,486.801,1052.283632,3.9919288828969
1,755.3494,485.2435,1052.295649,4.01332182809711
1,768.8987,483.8903,1052.311652,4.03662165626884
1,781.7491,482.6896,1052.331634,4.02829190716147
1,792.4001,481.4432,1052.345636,4.09332197159529
1,797.2549,480.8437,1052.361652,4.06531384214759
1,796.2658,480.8635,1052.380639,4.03591198846698
1,795.0186,481.8269,1052.392648,4.02888469398022
1,789.4662,481.5665,1052.410638,3.98385152220726
1,786.7028,482.46,1052.428638,3.93321132287383
1,780.5199,482.869,1052.442689,3.93729098141193
1,776.1242,483.9969,1052.458639,3.94028797745705
1,770.9673,485.0282,1052.480641,3.94986802712083
1,765.9915,486.1856,1052.490641,3.9663165807724
1,762.6431,487.6144,1052.506659,3.95692093297839
1,760.3629,488.6169,1052.526705,3.94408823922277
1,759.9113,489.564,1052.538645,3.90538736246526
1,760.4692,490.3309,1052.554644,3.89808416366577
1,760.5313,490.5345,1052.576652,3.92912980169058
1,761.0201,490.8415,1052.588646,3.94606357440352
1,761.0439,491.3494,1052.604666,3.96000267937779
1,760.6848,493.536,1052.624649,3.99540970101953
1,760.0135,495.7638,1052.636668,4.00473363697529
1,758.9349,499.9011,1052.652666,3.99989681318402
1,757.29,504.593,1052.674681,3.98701289668679
1,755.8349,509.6533,1052.68665,3.99025622755289
1,754.2375,515.5047,1052.700661,3.95531672984362
1,752.7426,521.1449,1052.720828,3.94144421443343
1,751.5261,526.5827,1052.734653,3.98114509880543
1,750.9315,530.2629,1052.750653,3.96766280755401
1,751.167,532.2908,1052.766654,3.97185469046235
1,756.127,531.8549,1052.784656,4.00607939809561
1,760.2294,529.9564,1052.800655,3.98079305887222
1,770.9517,524.7916,1052.814674,4.01714304462075
1,779.4633,519.2336,1052.832657,3.96242924034595
1,790.0146,513.2638,1052.846708,4.0502087213099
1,799.4694,507.6348,1052.864657,4.07632859423757
1,808.582,502.444,1052.88266,4.04623849317431
1,817.8828,497.2926,1052.896677,4.03850711882114
1,823.0074,494.7102,1052.914691,3.92662733793259
1,824.3013,495.1324,1052.93068,3.90161224640906
1,824.5844,496.0233,1052.946679,3.89484455808997
1,823.9965,496.6414,1052.960661,3.88329057022929
1,824.6487,496.5454,1052.980664,3.86857357807457
1,825.4158,496.1194,1052.992671,3.86791466735303
1,826.1006,495.4552,1053.010664,3.89655213803053
1,827.3441,494.0069,1053.028666,3.92536306753755
1,828.4844,492.1186,1053.042666,3.93436150625348
1,829.6089,489.918,1053.058666,3.90466651879251
1,831.1127,487.6947,1053.08067,3.84080433286726
1,832.6103,485.9087,1053.090669,3.88572760857642
1,834.2172,484.4912,1053.108667,3.88495647348464
1,835.4714,483.3324,1053.127669,3.94790200516582
1,836.5232,482.5237,1053.13967,3.97367728874087
1,837.3495,482.1001,1053.155682,3.94571712240577
1,837.8918,482.0557,1053.175706,3.92860872671008
1,838.0959,482.4515,1053.189672,3.91406565904617
1,837.9484,482.8426,1053.205673,3.89619241468608
1,837.5722,483.1554,1053.223713,3.91985103487968
1,837.024,483.2805,1053.237676,3.96310491487384
1,836.3102,483.6713,1053.253692,3.90614080242813
1,827.1516,484.0269,1053.271741,3.98506410419941
1,816.2071,484.3998,1053.287676,3.92767135053873
1,798.4992,484.7977,1053.301678,3.92821384593844
1,779.0471,484.9405,1053.31968,3.92384687438607
1,761.1256,485.0212,1053.33368,3.95244406536222
1,742.9091,485.1146,1053.349704,4.01249527931213
1,724.9848,485.0406,1053.365681,3.98071063682437
1,707.5941,484.7121,1053.383693,4.00138925760984
1,698.1656,484.2841,1053.399683,3.96336568519473
1,697.9269,484.33,1053.415694,3.94724309444427
1,697.6968,484.5757,1053.433684,3.94888734444976
1,696.6682,484.7015,1053.447685,3.92629811540246
1,702.8679,484.9534,1053.463702,3.93345439806581
1,710.0625,485.4197,1053.481685,3.98060027509928
1,725.8595,485.6759,1053.497702,4.08596266061068
1,741.0046,486.1255,1053.513686,4.02720365673304
1,758.8831,486.4518,1053.529688,3.99576872587204
1,775.6796,486.6695,1053.545689,3.9739185012877
1,793.431,486.6313,1053.561688,3.90085997059941
1,811.2747,486.078,1053.579709,3.91320791095495
1,821.8521,485.3788,1053.593692,3.91845917329192
1,824.0955,485.0148,1053.609708,3.91152640804648
1,823.1938,485.1961,1053.627709,3.89807671308517
1,822.0334,485.5923,1053.643696,3.90928192064166
1,822.0332,485.7915,1053.65971,3.88805731199682
1,821.6735,485.5624,1053.677698,3.89130972325802
1,821.446,485.4142,1053.691697,3.86495050042868
1,821.9041,484.8294,1053.707715,3.89016722328961
1,814.4355,484.4013,1053.725727,4.01561940088868
1,806.3337,482.7952,1053.741745,4.03183558955789
1,791.1346,482.0237,1053.755698,4.10208012908697
1,774.4235,480.0216,1053.775729,4.03093313798308
1,758.0984,479.3376,1053.789714,4.02228999882936
1,741.2274,478.6445,1053.803719,4.02817875146866
1,724.2783,478.1698,1053.823728,4.00992901995778
1,706.9985,477.9169,1053.839713,4.03017783537507
1,697.1388,478.0389,1053.853702,4.08267742022872
1,696.3455,479.3447,1053.871719,4.08790912479162
1,696.2917,480.3694,1053.885724,4.12372685968876
1,696.0602,480.5443,1053.901704,4.13257442414761
1,696.3151,480.5499,1053.917729,4.08078311011195
1,696.7628,480.6031,1053.935707,4.07662754878402
1,697.2145,480.7187,1053.951718,4.04419796541333
1,697.3513,480.7753,1053.967708,4.03332198038697
1,697.4558,480.8637,1053.985708,4.04628878459334
1,697.2064,481.4046,1053.999721,4.06334688887
1,696.8134,482.099,1054.015713,4.09751571714878
1,696.1812,483.2458,1054.031719,4.08370373770595
1,695.432,484.8716,1054.04971,4.06492175534368
1,695.038,486.5934,1054.063711,3.98883502930403
1,694.7552,488.3176,1054.08173,3.97792784497142
1,694.8909,489.7944,1054.097714,3.97088611498475
1,695.0284,490.7242,1054.113713,3.97695740684867
1,694.2899,490.4035,1054.129744,4.04819194227457
1,696.3007,490.1193,1054.145719,4.0080170147121
1,703.3397,488.6333,1054.161717,4.02039662003517
1,714.554,487.5041,1054.180717,4.00057248771191
1,730.7222,485.795,1054.19472,4.02141036465764
1,748.503,484.6108,1054.210719,3.96815314888954
1,765.5818,483.275,1054.228719,3.9469669573009
1,782.9298,482.6111,1054.244721,3.92646808177233
1,801.9266,482.7379,1054.258721,3.87660507112741
1,819.4093,482.8976,1054.278756,3.87640972621739
1,827.4285,483.0934,1054.292739,3.8475685287267
1,827.7169,483.8483,1054.308749,3.84824932552874
1,827.1832,485.1368,1054.328723,3.86474630795419
1,827.5319,485.9514,1054.342749,3.87194030918181
1,827.2125,486.7307,1054.356726,3.94064420834184
1,826.8474,487.4751,1054.37476,3.91269056126475
1,826.7352,487.8078,1054.390727,3.92184080556035
1,826.3135,488.1148,1054.404736,3.98517632856965
1,826.2991,488.116,1054.422736,3.94452596083283
1,826.1033,487.9566,1054.438731,3.95495863631368
1,826.016,487.7648,1054.454747,3.9277533069253
1,826.2848,487.7802,1054.47073,3.84204089641571
1,826.3386,487.978,1054.486731,3.83466668426991
1,826.7421,487.8984,1054.502734,3.83493071421981
1,826.8995,487.6405,1054.518733,3.7815747782588
1,827.5006,487.2199,1054.534753,3.76407150179148
1,828.449,486.6359,1054.550734,3.76992532983422
1,829.2452,486.3042,1054.566738,3.7441614549607
1,830.0863,485.8595,1054.584751,3.78022389486432
1,830.2435,485.5077,1054.600737,3.77456657588482
1,830.0316,485.3297,1054.61676,3.75309772789478
1,829.8563,484.9704,1054.632751,3.73908574692905
1,829.8635,484.738,1054.648742,3.74966813251376
1,830.0635,484.552,1054.664758,3.77940107136965
1,830.3968,484.0829,1054.680759,3.81103926338255
1,830.6788,483.7365,1054.698741,3.84833058342338
1,831.2704,482.8476,1054.712743,3.84049955755472
1,831.9005,481.979,1054.730742,3.82206006906927
1,832.7729,481.1366,1054.746744,3.78323602490127
1,833.5793,480.3439,1054.762761,3.7816409021616
1,834.1599,479.9753,1054.778762,3.79728828556836
1,834.7095,479.3235,1054.796755,3.81508166901767
1,835.1175,478.8359,1054.810747,3.84938204661012
1,835.3074,478.3475,1054.826761,3.93134728074074
1,835.452,477.9831,1054.844769,3.93100269138813
1,835.0249,477.84,1054.860749,3.98215185850859
1,834.3784,477.6047,1054.878749,3.98133462294936
1,833.7363,477.7217,1054.89276,3.89934377744794
1,832.7943,477.8684,1054.908755,3.92000237479806
1,832.4368,478.0998,1054.926751,3.83065966889262
1,831.8924,478.6475,1054.941756,3.82431340403855
1,831.7102,478.984,1054.957763,3.80561617203057
1,831.8596,479.4765,1054.977771,3.77254351042211
1,832.1367,480.0189,1054.989772,3.75817995518446
1,832.8668,480.4612,1055.008755,3.74743272550404
1,833.5532,481.0318,1055.024772,3.75209958292544
1,834.1622,481.1614,1055.038788,3.76830995082855
1,834.6254,481.3677,1055.054758,3.84731451049447
1,834.7318,481.5846,1055.074758,3.79779143258929
1,834.8169,481.4011,1055.086757,3.8147228769958
1,834.8395,481.3191,1055.102759,3.76452878117561
1,834.3448,480.9238,1055.120801,3.74707998707891
1,833.6128,480.3571,1055.13476,3.81508260034025
1,832.1341,479.6449,1055.152762,3.90363298356533
1,830.3045,478.9148,1055.166766,3.9540040306747
1,828.1377,478.7503,1055.184781,3.98936169221997
1,825.829,478.3224,1055.200772,3.99623438715935
1,823.9672,478.3008,1055.218765,3.92947485670447
1,822.1562,478.4994,1055.232782,3.92241962254047
1,821.4105,478.7535,1055.250768,3.85699304752052
1,821.3409,479.5766,1055.264767,3.82070243358612
1,822.0635,479.9143,1055.282766,3.8200207054615
1,823.3555,480.3717,1055.298785,3.83825413882732
1,824.8012,480.0329,1055.314769,3.83215514011681
1,826.2989,479.4501,1055.330786,3.86009784415364
1,827.7291,479.1248,1055.34677,3.85182769969106
1,828.6359,478.7195,1055.362771,3.86580429039896
1,829.2346,478.7778,1055.380772,3.87045042589307
1,829.6448,478.1453,1055.396776,3.90748819336295
1,830.0508,477.5126,1055.412774,3.9151394739747
1,830.6083,476.8452,1055.428785,3.90122993849218
1,830.7625,476.0338,1055.444775,3.94211895763874
1,830.6812,475.6568,1055.458779,3.89502779580653
1,830.3806,474.6151,1055.478794,3.89760825783014
1,829.9527,473.51,1055.492781,3.90995806083083
1,829.493,472.9208,1055.508781,3.89624992385507
1,828.8253,472.7034,1055.526795,3.90411820262671
1,828.1546,473.242,1055.540796,3.89187899418175
1,827.4825,474.0114,1055.55678,3.91349801793695
1,827.1555,474.7225,1055.574886,3.92976030707359
1,827.0504,475.9854,1055.588782,3.94840026274323
1,827.3185,477.0338,1055.606805,3.96201247349381
1,827.6094,478.143,1055.6248,3.96227138116956
1,827.9031,478.8683,1055.638782,3.92948603257537
1,828.2095,478.7845,1055.654784,3.88006959110498
1,828.3118,478.5692,1055.670826,3.92840197309852
1,828.367,478.1013,1055.686785,3.90893220901489
1,827.8886,477.3421,1055.702787,3.99757083505392
1,827.3088,476.5735,1055.722819,4.04276698827744
1,826.1742,475.6552,1055.736808,4.00772644206882
1,825.055,474.888,1055.752789,4.01184614747763
1,824.1904,474.6083,1055.770789,3.93849797546864
1,823.2848,474.506,1055.78479,3.92393069341779
1,822.7182,474.8317,1055.800791,3.92225757241249
1,822.233,475.2024,1055.816805,3.9120982401073
1,822.3052,475.4695,1055.832812,3.9034376386553
1,822.9747,475.6554,1055.850792,3.88895417563617
1,823.9975,475.416,1055.864793,3.86348064057529
1,825.0469,475.0531,1055.880794,3.78465419635177
1,825.7211,474.2751,1055.898805,3.7783442530781
1,822.5157,476.0219,1055.914795,3.84018220938742
1,818.7424,478.7634,1055.930796,3.90429189428687
1,810.2295,484.2309,1055.946817,3.97561583667994
1,801.8585,490.8744,1055.962798,3.96102108061314
1,791.85,497.9672,1055.980811,3.89153393916786
1,782.4503,505.6505,1055.996803,3.84492962621152
1,772.6713,513.4023,1056.012837,3.85060952976346
1,763.1612,521.1407,1056.0288,3.83025174960494
1,757.4059,526.0812,1056.044829,3.7913064006716
1,755.7382,527.3533,1056.060804,3.8161261472851
1,755.7418,527.8915,1056.078805,3.84624232538044
1,756.157,527.843,1056.092821,3.88086074963212
1,755.9865,527.3205,1056.108839,3.92344640567899
1,755.9379,526.5242,1056.126821,3.91531549394131
1,755.8184,525.5624,1056.140808,3.92441591247916
1,755.627,525.0212,1056.156807,3.93243692815304
1,755.4233,524.6258,1056.178808,3.92357585951686
1,755.0601,524.2384,1056.190823,3.9400476962328
1,754.8298,524.1537,1056.206809,3.9083594456315
1,754.5986,524.1505,1056.224834,3.88525845482945
1,754.4264,524.6086,1056.238826,3.86060285381973
1,754.1946,525.2028,1056.254811,3.86832607910037
1,753.7577,525.8658,1056.274815,3.90039710327983
1,753.1729,526.364,1056.286812,3.90576664358377
1,752.2161,526.4587,1056.304814,3.93799971789122
1,753.3035,525.0749,1056.322817,3.98211739957333
1,754.8639,522.1788,1056.336814,3.87490983121097
1,761.9561,517.9092,1056.354817,3.86706413701177
1,768.7193,511.6616,1056.370817,3.88183584436774
1,779.8384,504.5764,1056.384818,3.85374506004155
1,789.1965,498.0121,1056.400818,3.89747484587133
1,800.0751,491.2378,1056.418823,3.91103653237224
1,810.4756,485.5277,1056.43283,3.8584868889302
1,819.0572,481.0546,1056.45082,3.86485154740512
1,824.8911,478.964,1056.466822,3.86955332942307
1,826.904,478.2482,1056.482822,3.84740694426
1,827.0233,477.7953,1056.498826,3.86220635846257
1,826.8704,478.2116,1056.514837,3.85371875017881
1,826.2038,478.938,1056.530825,3.83853120729327
1,826.8367,478.8087,1056.546824,3.82860866375268
1,826.9394,479.2296,1056.564826,3.80546506494284
1,827.9196,479.3156,1056.580838,3.81352892145514
1,828.2552,479.5385,1056.594827,3.79171571694314
1,828.5742,479.9775,1056.612828,3.77849605865777
1,828.9584,480.2574,1056.628829,3.7847466301173
1,829.1112,480.6205,1056.644829,3.76506452448666
1,829.1137,480.8082,1056.66083,3.76518140546978
1,828.1955,480.6873,1056.678831,3.76848806627095
1,827.132,480.6432,1056.692848,3.75569611787796
1,826.3718,479.8477,1056.708832,3.7409346550703
1,826.0211,478.8735,1056.726832,3.6954793613404
1,825.6989,478.1275,1056.740833,3.68704251013696
1,825.9489,476.7559,1056.758849,3.69000481441617
1,826.4449,475.6028,1056.776835,3.70590668171644
1,827.0783,474.3445,1056.790853,3.71102173812687
1,828.0444,473.4226,1056.80684,3.71476472355425
1,828.8436,473.0201,1056.824865,3.72701976448298
1,829.5494,472.9084,1056.838838,3.72550892643631
1,830.0751,473.3571,1056.856841,3.76659422181547
1,830.1988,474.2062,1056.87484,3.84739204309881
1,830.3051,475.0312,1056.88684,3.8453855086118
1,830.4763,475.7562,1056.904841,3.86925414204597
1,830.3943,476.3545,1056.922897,3.87255172245204
1,830.5263,476.8102,1056.936842,3.82024399004877
1,830.3766,477.382,1056.952863,3.8434739690274
1,830.4639,478.2211,1056.97287,3.81851359270513
1,831.2473,479.1519,1056.984844,3.7996550090611
1,823.6581,479.7852,1057.00087,3.88286332599819
1,815.4014,479.9359,1057.020892,3.86140076443553
1,799.1828,480.2507,1057.034864,3.89381963759661
1,781.8773,480.3583,1057.048848,3.85843217372894
1,765.2854,480.5814,1057.066853,3.83782805874944
1,748.6247,480.9923,1057.082848,3.78909124992788
1,732.0402,480.9713,1057.098848,3.78666655160487
1,714.8303,480.3109,1057.116861,3.80497076548636
1,705.2319,479.7543,1057.131851,3.78046906553209
1,704.6111,479.9166,1057.147867,3.84116475470364
1,704.55,480.3587,1057.163869,3.87977692298591
1,703.8372,480.4728,1057.179873,3.85829759761691
1,703.244,480.3915,1057.195854,3.89900058507919
1,702.3932,481.002,1057.213883,3.87442484498024
1,701.2856,481.3509,1057.229856,3.93202109262347
1,699.8745,481.7216,1057.243869,3.94925801083446
1,697.8873,481.9507,1057.261859,3.96757246926427
1,695.9018,481.9823,1057.281875,3.95007524639368
1,693.4148,482.2476,1057.293858,3.92737751826644
1,691.338,482.163,1057.311872,3.94174456596375
1,689.5424,482.0404,1057.329859,3.90878925099969
1,688.2995,481.7244,1057.341879,3.92552791163325
1,688.0623,481.4278,1057.357872,3.87817481532693
1,688.288,481.4231,1057.381863,3.88812040910125
1,689.1513,481.6204,1057.389863,3.86316888034344
1,690.1393,481.4168,1057.407885,3.89967695809901
1,691.4706,480.8466,1057.425886,3.88205610215664
1,692.7703,480.282,1057.439866,3.85331735014915
1,693.7322,479.6356,1057.453865,3.85046540759504
1,694.1957,479.475,1057.477883,3.79594252444804
1,694.1702,479.4366,1057.487868,3.80814983509481
1,693.84,479.6891,1057.503867,3.78796528093517
1,693.7872,479.961,1057.525878,3.77658405341208
1,693.7706,480.3848,1057.53588,3.79243982024491
1,693.8758,481.186,1057.551883,3.80574679002166
1,694.047,481.7007,1057.571879,3.83334862999618
1,694.2338,481.796,1057.58587,3.83214885368943
1,694.8553,481.6362,1057.59989,3.81800695322454
1,695.0765,481.4923,1057.621874,3.82306682877243
1,698.8143,480.5852,1057.633874,3.75497131608427
1,702.1224,477.2074,1057.651891,3.77916661091149
-1,NaN,NaN,1057.669876,0
-1,NaN,NaN,1057.681876,0
-1,NaN,NaN,1057.697877,0
-1,NaN,NaN,1057.721878,0
1,749.0515,431.8854,1057.731878,3.72606236487627
1,791.7454,378.1946,1057.757879,3.83192440494895
1,815.5817,355.6028,1057.763879,3.81447048857808
1,853.0883,314.2357,1057.785898,3.77844693139195
1,875.7405,292.1216,1057.797899,3.79799585789442
1,896.3925,274.678,1057.815886,3.77378426492214
1,914.7186,259.4292,1057.831883,3.82322655059397
1,920.6871,260.9471,1057.845903,3.78286535851657
1,920.6523,269.0884,1057.8619,3.76872136257589
1,914.9849,286.5225,1057.881904,3.77792539075017
1,907.0984,306.5565,1057.893896,3.7411698140204
1,906.9959,308.5058,1057.909916,3.80523409694433
1,905.4107,310.2644,1057.929886,3.82509594783187
1,904.2458,311.0569,1057.941905,3.79922217689455
1,903.7428,310.9354,1057.957887,3.81241925060749
1,903.2059,310.7796,1057.977892,3.78021597862244
1,902.6418,310.1623,1057.991908,3.78167047165334
1,901.7376,309.5867,1058.007891,3.83111857809126
1,901.0136,308.8009,1058.027892,3.82386473938823
1,900.3629,308.0664,1058.039892,3.8253057282418
1,900.0947,307.2932,1058.055909,3.82755906321108
1,900.0768,306.6757,1058.080897,3.76942474395037
1,899.7609,306.5338,1058.088906,3.72578180395067
1,899.8472,306.9193,1058.104896,3.66485887207091
1,899.2435,308.5039,1058.124896,3.63364606164396
1,896.9965,311.1786,1058.136897,3.75732523389161
1,887.3521,324.0054,1058.152897,3.81745328195393
1,877.5229,338.5718,1058.1749,3.83448391221464
1,858.6746,362.6397,1058.186912,3.84473381564021
1,841.4829,388.6609,1058.2009,3.73738096095622
1,822.8034,413.8675,1058.220905,3.70255601592362
1,803.9918,439.3617,1058.234901,3.68886929936707
1,785.1553,464.1662,1058.250901,3.71372955851257
1,768.7246,487.5871,1058.266904,3.68232885375619
1,762.9471,499.2053,1058.282903,3.67878121323884
1,763.5873,498.9681,1058.298915,3.67768364958465
1,763.574,499.0378,1058.314906,3.68746113963425
1,764.0409,499.8835,1058.334905,3.777687670663
1,763.9598,499.9764,1058.348923,3.8093940820545
1,763.3845,500.1406,1058.364925,3.81785654462874
1,762.7618,500.3075,1058.38193,3.78294568508863
1,762.4577,499.8467,1058.395908,3.70507617481053
1,761.9754,499.0909,1058.411915,3.69118712842464
1,761.4352,497.6711,1058.429911,3.71234375052154
1,760.7405,496.0546,1058.445941,3.76637675799429
1,759.6378,493.6627,1058.461932,3.85038973763585
1,758.7853,491.052,1058.481918,3.807244123891
1,757.8535,488.2952,1058.493914,3.77630931325257
1,756.7701,485.5996,1058.509952,3.74101335182786
1,755.6069,483.5414,1058.529924,3.64077580161393
1,754.3121,482.2438,1058.543916,3.67794511839747
1,753.2857,481.7348,1058.557953,3.66079015657306
1,752.8881,481.193,1058.579946,3.68616869673133
1,757.2945,478.9465,1058.591924,3.74599383212626
1,763.0787,476.2163,1058.607918,3.73545987531543
1,774.6986,472.3236,1058.625953,3.78478830680251
1,785.9559,467.0989,1058.641927,3.76749993301928
1,799.0437,463.5256,1058.657919,3.72496363706887
1,810.8291,458.6338,1058.677932,3.76510550267994
1,822.8409,454.631,1058.689923,3.75095917843282
1,834.8397,450.9566,1058.703923,3.72599624097347
1,842.2121,449.6861,1058.723977,3.78890382125974
1,843.7698,451.2598,1058.737924,3.78111260943115
1,842.5026,452.72,1058.753924,3.85501235723495
1,840.5952,454.483,1058.771995,3.8726597558707
1,839.4365,455.6827,1058.785947,3.86133673600852
1,837.8389,455.6286,1058.801943,3.87602183036506
1,836.0688,455.2187,1058.819929,3.80511139519513
1,834.7131,453.7276,1058.835929,3.83122218772769
1,833.7181,451.3165,1058.851948,3.83747974410653
1,832.9501,448.2204,1058.86793,3.80830490030348
1,832.5276,444.8091,1058.88393,3.82860051468015
1,823.8566,443.2666,1058.897931,3.83053463883698
1,815.6302,443.7906,1058.917933,3.79210896790028
1,798.9262,446.6648,1058.933934,3.75642790459096
1,783.0145,452.0511,1058.949952,3.74261336401105
1,766.1772,457.4777,1058.963933,3.77607718110085
1,749.7599,464.412,1058.983952,3.70974116958678
1,732.9319,470.0168,1058.997953,3.75452102161944
